0
0
0
0
0
0
0
0
0
0
0
0
0
0
0
0
0
0
0
0
0
0
0
0
0
0
0
0
0
0
0
0
0
0
0
0
0
0
0
0
0
0
0
0
0
0
0
0
0
0
0
0
0
0
0
0
0
0
0
0
0
0
0
0
0
0
0
0
0
0
0
0
0
0
0
0
0
0
0
0
0
0
0
0
0
0
0
0
0
0
0
0
0
0
0
1000
961
923
887
852
819
787
756
726
698
670
644
619
595
571
549
527
507
487
468
449
432
415
399
383
368
353
340
326
313
301
289
278
267
257
247
237
228
219
210
202
194
186
179
172
165
159
153
147
141
135
130
125
120
115
111
106
102
98
94
91
87
84
80
77
74
71
69
66
63
61
58
56
54
52
50
48
46
44
42
41
39
38
36
35
33
32
31
30
28
27
26
25
24
23
22
21
21
20
19
18
18
17
16
16
15
14
14
13
13
12
12
11
11
10
10
10
9
9
9
8
8
8
7
7
7
6
6
6
6
6
5
5
5
5
5
4
4
4
4
4
4
3
3
3
3
3
3
3
3
2
2
2
2
2
2
2
2
2
2
2
2
2
1
1
1
1
1
1
1
1
1
1
1
1
1
1
1
1
1
1
1
1
1
1
1
1
1
1
1
1
0
0
0
0
0
0
0
0
0
0
0
0
0
0
0
0
0
0
0
0
0
0
0
0
0
0
0
1000
961
923
887
852
819
787
756
726
698
670
644
619
595
571
549
527
507
487
468
449
432
415
399
383
368
354
340
326
314
301
289
278
267
257
247
1237
1188
1142
1097
1054
1013
973
935
898
863
829
797
765
735
707
679
652
627
602
578
556
534
513
493
474
455
437
420
404
388
373
358
344
330
317
305
293
282
271
260
250
240
231
221
213
204
196
189
181
174
167
161
155
148
143
137
132
127
122
117
112
108
104
100
96
92
88
85
81
78
75
72
69
67
64
62
59
57
55
52
50
48
47
45
43
41
40
38
37
35
34
32
31
30
29
28
27
26
25
24
23
22
21
20
19
19
18
17
16
16
15
15
14
13
13
12
12
11
11
11
10
10
9
9
9
8
8
8
7
7
7
7
6
6
6
6
5
5
5
5
5
4
4
4
4
4
4
3
3
3
3
3
3
3
3
3
2
2
2
2
2
2
2
2
2
2
2
2
1
1
1001
962
924
888
853
820
788
757
727
699
671
645
620
595
572
550
528
507
487
468
450
432
415
399
383
368
354
340
327
314
302
290
278
268
257
247
237
228
219
210
202
194
187
179
172
166
159
153
147
141
136
130
125
120
115
111
107
102
98
95
91
87
84
81
77
74
71
69
66
63
61
59
56
54
52
50
48
46
44
42
41
39
38
36
35
33
32
31
30
28
27
26
25
1024
984
946
908
873
839
806
774
744
715
687
660
634
609
585
562
540
519
499
479
460
442
425
408
392
377
362
348
334
321
309
296
285
274
263
253
243
233
224
215
207
199
191
183
176
169
163
156
150
144
139
133
128
123
118
113
109
105
101
97
93
89
86
82
79
76
73
70
67
65
62
60
57
55
53
51
49
47
45
43
42
40
39
37
36
34
33
32
30
29
28
27
26
25
24
23
22
21
20
20
19
18
17
17
16
15
15
14
14
13
13
12
12
11
11
1010
971
933
896
861
827
795
764
734
705
677
651
625
601
577
554
533
512
492
472
454
436
419
403
387
372
357
343
330
317
304
292
1281
1231
1182
1136
1092
1049
1008
968
930
894
859
825
793
762
732
703
675
649
623
599
576
553
531
510
490
471
453
435
418
402
386
371
356
342
329
316
303
292
280
269
259
248
239
229
220
212
203
195
188
180
173
167
160
154
148
142
136
131
126
121
116
112
107
103
99
95
91
88
84
81
78
75
72
69
66
64
61
59
57
54
52
50
48
46
44
43
41
39
38
36
35
34
32
31
30
29
28
26
25
24
23
23
22
21
20
19
18
18
17
16
16
15
15
14
13
13
12
12
11
11
11
10
10
9
9
9
8
8
8
7
7
7
7
6
6
6
6
5
5
5
5
5
4
4
4
4
4
4
3
3
3
3
3
3
3
3
2
2
2
2
2
2
2
2
2
2
2
2
2
1
1
1
1
1
1
1
1
1
1
1
1
1
1
1
1
1
1
1
1
1
1
1
1
1
1
1
1
0
0
0
0
0
0
0
0
0
0
0
0
0
0
0
0
0
0
0
0
0
0
0
0
0
0
0
0
0
0
0
0
0
0
0
0
0
0
0
0
0
0
0
0
0
0
0
0
0
0
0
0
0
0
0
0
0
0
0
0
0
0
0
0
0
0
0
0
0
0
0
0
0
0
0
0
0
0
0
0
0
0
0
0
0
0
0
0
0
0
0
0
0
0
0
0
0
0
0
0
0
0
0
0
0
0
0
0
0
0
0
0
0
0
0
0
0
1000
961
923
887
852
819
787
756
726
698
670
644
619
595
571
549
527
507
487
468
449
432
415
399
383
368
353
340
326
313
301
289
278
267
257
247
237
228
219
210
202
194
186
179
172
165
159
153
147
141
135
130
125
120
115
111
106
102
98
94
91
87
84
80
77
74
71
69
66
63
61
58
56
54
52
50
48
46
44
42
41
39
38
36
35
33
32
31
30
28
27
26
25
24
23
22
21
21
20
19
18
18
17
16
16
15
14
14
13
13
12
12
11
11
10
10
10
9
9
9
8
8
8
7
7
7
6
6
6
6
6
5
5
5
5
5
4
4
4
4
4
4
1003
964
926
890
855
822
789
758
729
700
673
646
621
597
573
551
529
508
488
469
451
433
416
400
384
369
355
341
327
315
302
290
279
268
258
247
238
228
219
211
203
195
187
180
173
166
159
153
147
141
136
130
125
120
116
111
107
103
99
95
91
87
84
81
78
75
72
69
66
64
61
59
56
54
52
50
48
46
44
43
41
39
38
36
35
33
32
31
30
29
27
26
25
24
23
22
22
21
20
19
18
18
17
16
16
15
14
14
13
13
12
12
11
11
10
10
10
9
9
9
8
8
8
7
7
7
6
6
6
6
6
5
5
5
5
5
4
4
4
4
4
4
3
3
3
3
3
3
3
3
2
2
2
2
2
2
2
2
2
2
2
2
2
1
1
1
1
1
1
1
1
1
1
1
1
1
1
1
1
1
1
1
1
1
1
1
1
1
1
1
1
0
0
0
0
0
0
0
0
0
0
0
0
0
0
0
0
0
0
0
0
0
0
0
0
0
0
0
0
0
0
0
0
0
0
0
0
1000
961
923
887
852
819
787
756
726
698
670
644
619
595
571
549
527
507
487
468
449
432
415
399
383
368
353
340
326
314
301
289
278
267
257
247
237
228
219
210
202
194
186
179
172
165
159
153
147
141
135
130
125
120
115
111
106
102
98
94
91
87
84
80
77
74
71
69
66
63
61
58
56
54
52
50
48
46
44
42
41
39
38
36
35
33
32
31
30
28
27
26
25
24
23
22
21
21
20
19
18
18
17
16
16
15
14
14
13
13
12
12
11
11
10
10
10
9
9
9
8
8
8
7
7
7
6
6
6
6
6
5
5
5
5
5
4
4
4
4
4
4
3
3
3
3
3
3
3
3
2
2
2
2
2
2
2
2
2
2
2
2
2
1
1
1
1
1
1
1
1
1
1
1
1
1
1
1
1
1
1
1
1
1
1
1
1
1
1
1
1
0
0
0
0
0
0
0
0
0
0
0
0
0
0
0
0
0
0
0
0
0
0
0
0
0
0
0
0
0
0
0
0
0
0
0
0
0
0
0
0
0
0
0
0
0
0
0
0
0
0
0
0
0
0
0
0
0
0
0
0
0
0
0
0
0
0
0
0
0
0
0
0
0
0
0
0
0
0
0
0
0
0
0
0
0
0
0
0
0
0
0
0
0
0
0
0
0
0
0
1000
961
923
887
852
819
787
756
726
698
670
644
619
595
571
549
527
507
487
468
449
432
415
399
383
368
353
340
326
313
301
289
278
267
257
247
237
228
219
210
202
194
186
179
172
165
159
153
147
141
135
130
125
120
115
111
106
102
98
94
91
87
84
80
77
74
71
69
66
63
61
58
1056
1015
975
937
900
865
831
798
767
737
708
680
654
628
603
580
557
535
514
494
475
456
438
421
404
389
373
359
345
331
318
306
294
282
271
260
250
240
1231
1183
1136
1092
1049
1008
968
930
894
859
825
793
762
732
703
676
649
624
599
576
553
531
511
491
471
453
435
418
402
386
371
356
342
329
316
304
292
280
269
259
249
239
229
220
212
203
196
188
180
173
167
160
154
148
142
136
131
126
121
116
112
107
103
99
95
91
88
84
81
78
75
72
69
66
64
61
59
57
54
52
50
48
46
45
43
41
39
38
36
35
34
32
31
30
29
28
26
25
24
23
23
22
21
20
19
18
18
17
16
16
15
15
14
13
13
12
12
11
11
11
1010
971
932
896
861
827
795
763
734
705
677
651
625
601
577
554
533
512
492
472
454
436
419
403
387
372
357
343
330
317
304
292
281
270
259
249
239
230
221
212
204
196
188
181
174
167
160
154
148
1142
1097
1054
1013
973
935
899
863
829
797
766
736
707
679
652
627
602
579
556
534
513
493
474
455
437
420
404
388
373
358
344
331
318
305
293
282
271
260
250
240
231
222
213
205
197
189
181
174
167
161
155
149
143
137
132
127
122
117
112
108
104
100
96
92
88
85
82
78
75
72
69
67
64
62
59
57
55
52
50
48
47
45
43
41
40
38
37
35
34
32
31
30
29
28
27
26
25
24
23
22
21
20
19
19
18
17
16
16
15
15
14
13
13
12
12
11
11
11
10
10
9
9
9
8
8
8
7
7
7
7
6
6
6
6
5
5
5
5
5
4
4
4
4
4
4
3
3
3
3
3
3
3
3
3
2
2
2
2
2
2
2
2
2
2
2
2
1
1
1
1
1
1
1
1
1
1
1
1
1
1
1
1
1
1
1
1
1
1
1
1
1
1
1
1
0
0
0
0
0
0
0
0
0
0
0
0
0
0
0
0
0
0
0
0
0
0
0
0
0
0
0
0
0
0
0
0
0
0
0
0
0
0
0
0
0
0
0
0
0
0
0
0
0
0
0
0
0
0
0
0
0
0
0
0
0
0
0
0
0
0
0
0
0
0
0
0
0
0
0
0
0
0
0
0
0
0
0
0
0
0
0
0
0
0
0
0
0
0
0
0
0
0
0
0
0
0
0
0
0
0
0
0
0
0
0
0
0
0
0
0
0
0
0
0
0
0
0
0
0
0
0
0
0
0
0
0
0
0
0
0
0
0
0
0
0
0
0
0
0
0
0
0
0
0
0
0
0
0
0
0
0
0
0
1000
961
923
887
852
819
787
756
726
698
670
644
619
595
571
549
527
507
487
468
449
432
415
399
383
368
353
340
326
313
301
289
278
267
257
247
237
228
219
210
202
194
186
179
172
165
159
153
147
141
135
130
125
120
115
111
106
102
98
94
91
87
84
80
77
74
71
69
66
63
61
58
56
54
52
50
48
46
44
42
41
39
38
36
35
33
32
31
30
28
27
26
25
24
23
22
21
21
20
19
18
18
17
16
16
15
14
14
13
13
12
12
11
11
10
10
10
9
9
9
8
8
8
7
7
7
6
6
6
6
6
5
5
5
5
5
4
4
4
4
4
4
3
3
3
3
3
3
3
3
2
2
2
2
2
2
2
2
2
2
2
2
2
1
1
1
1
1
1
1
1
1
1
1
1
1
1
1
1
1
1
1
1
1
1
1
1
1
1
1
1
0
0
0
0
0
0
0
0
0
0
0
0
0
0
0
0
0
0
0
0
0
0
0
0
0
0
0
0
0
0
0
0
0
0
0
0
0
0
0
0
0
0
0
0
0
0
0
0
0
0
0
0
0
0
0
0
0
0
0
1000
961
923
887
852
819
787
756
726
698
670
644
619
595
571
549
527
507
487
468
449
432
415
399
383
368
353
340
326
314
301
289
278
267
257
247
237
228
219
210
202
194
186
179
172
165
159
153
147
141
135
130
125
120
115
111
106
102
98
94
91
87
84
80
77
74
71
69
66
63
61
58
56
54
52
50
48
46
44
42
41
39
38
36
35
33
32
31
30
28
27
26
25
24
23
22
21
21
20
19
18
18
17
16
16
15
14
14
13
13
12
12
11
11
10
10
10
9
9
9
8
8
8
7
7
7
6
6
6
6
6
5
5
5
5
5
4
4
4
4
4
4
3
3
3
3
3
3
3
3
2
2
2
2
2
2
2
2
2
2
2
2
2
1
1
1
1
1
1
1
1
1
1
1
1
1
1
1
1
1
1
1
1
1
1
1
1
1
1
1
1
0
0
0
0
0
0
0
0
0
0
0
0
0
0
0
0
0
0
0
0
0
0
0
0
0
0
0
0
0
0
0
0
0
0
0
0
0
0
0
0
0
0
0
0
0
0
0
0
0
0
0
0
0
0
0
0
0
0
0
0
0
0
0
0
0
0
0
0
0
0
0
0
0
0
0
0
0
0
0
0
0
0
0
0
0
0
0
1000
961
923
887
852
819
787
756
726
1698
1631
1567
1506
1447
1390
1335
1283
1233
1184
1138
1093
1051
1009
970
932
895
860
826
794
763
733
704
677
650
625
600
577
554
532
511
491
472
454
436
419
402
386
371
357
343
329
316
304
292
281
270
259
249
239
230
221
212
204
196
188
181
174
167
160
154
148
142
137
131
126
121
116
112
107
103
99
95
92
88
85
81
78
75
72
69
66
64
61
59
57
54
52
50
48
46
45
43
41
40
38
36
35
34
32
31
30
29
28
26
25
24
24
23
22
21
20
19
18
18
17
16
16
15
15
14
13
13
12
12
11
11
11
10
10
9
9
9
8
8
8
7
7
7
7
6
6
6
6
5
5
5
5
5
4
4
4
4
4
4
3
3
3
3
3
3
3
3
3
2
2
2
2
2
2
2
2
2
2
2
2
1
1
1
1
1
1
1
1
1
1
1
1
1
1
1
1
1
1
1
1
1
1
1
1
1
1
1
1
0
0
0
0
0
0
0
0
0
0
0
0
0
0
0
0
0
0
0
0
0
0
0
0
0
0
0
0
0
0
0
0
0
0
0
0
0
0
0
0
0
0
0
0
0
0
0
0
0
0
0
0
0
0
0
0
0
0
0
0
0
0
0
0
0
0
0
0
0
0
0
0
0
0
0
0
0
0
0
0
0
0
0
0
0
0
0
0
0
0
0
0
0
0
0
0
0
0
0
0
0
0
0
0
1000
961
923
887
852
819
787
756
726
698
670
644
619
595
571
549
527
507
487
468
449
432
415
399
383
368
353
340
326
313
301
289
278
267
257
247
237
228
219
210
202
194
186
179
172
165
159
153
147
141
135
130
125
120
115
111
106
102
98
94
91
87
84
80
77
74
71
69
66
63
61
58
56
54
52
50
48
46
44
42
41
39
38
36
35
33
32
31
30
28
27
26
25
24
23
22
21
21
20
19
18
18
17
16
16
15
14
14
13
13
12
12
11
11
10
10
10
9
9
9
8
8
8
7
7
7
6
6
6
6
6
5
5
5
5
5
4
4
4
4
4
4
3
3
3
3
3
1003
963
926
889
855
821
789
758
728
700
672
646
621
596
573
550
529
508
488
469
451
433
416
400
384
369
354
341
327
314
302
290
279
268
257
247
238
228
219
211
202
195
187
180
173
166
159
153
147
141
136
130
125
120
116
111
107
103
99
95
91
87
84
81
78
74
72
69
66
63
61
59
56
54
52
50
48
46
44
43
41
39
38
36
35
33
32
31
30
29
27
26
25
24
23
22
22
21
20
19
18
18
17
16
16
15
14
14
13
13
12
12
11
11
10
10
10
9
9
9
8
8
8
7
7
7
6
6
6
6
6
5
5
5
5
5
4
4
4
4
4
4
3
3
3
3
3
3
3
3
2
2
2
2
2
2
2
2
2
2
2
2
2
1
1
1
1
1
1
1
1
1
1
1
1
1
1
1
1
1
1
1
1
1
1
1
1
1
1
1
1
0
0
0
0
0
0
0
0
0
0
0
0
0
0
0
0
0
0
0
0
0
0
0
0
0
0
0
0
0
0
0
0
0
0
0
0
0
0
0
0
0
0
0
0
0
0
0
0
0
0
0
0
0
0
0
0
0
0
0
0
0
0
0
0
0
0
0
0
0
0
0
0
0
0
0
0
0
0
0
0
0
0
0
0
0
0
0
0
0
0
0
0
0
0
0
0
0
0
0
0
0
0
0
0
0
0
0
0
0
0
0
0
0
0
0
0
0
0
0
0
0
0
0
0
0
0
0
0
0
0
0
0
0
0
0
0
0
0
0
0
0
0
0
0
0
0
0
0
0
0
0
0
0
0
0
0
0
0
0
0
0
0
0
0
0
0
0
0
0
0
0
0
0
0
0
0
0
0
0
0
0
0
0
0
0
0
0
0
0
0
0
0
0
0
0
0
0
0
0
0
0
0
0
0
0
0
0
0
0
0
0
0
0
0
0
0
0
0
0
0
0
0
0
0
0
0
0
0
0
0
0
0
0
0
0
0
0
0
0
0
0
0
0
0
0
0
0
0
0
0
0
0
0
0
0
0
0
0
0
0
0
0
0
0
0
0
0
0
0
0
0
0
0
0
0
0
0
0
0
0
0
0
0
0
0
0
0
0
0
0
0
0
0
0
0
0
0
0
0
0
0
0
0
0
0
0
0
0
0
0
0
0
0
0
0
0
0
0
0
0
0
0
0
0
0
0
0
0
0
0
0
0
0
0
0
0
0
0
0
0
0
0
0
0
0
0
0
0
0
0
0
0
0
0
0
0
0
0
0
0
0
0
0
0
0
0
0
0
0
0
0
0
0
0
0
0
0
0
0
0
0
0
0
0
0
0
0
0
0
0
0
0
0
0
0
0
0
0
0
0
0
0
0
0
0
0
0
0
0
0
0
0
0
0
0
1000
961
923
887
852
819
787
756
726
698
670
644
619
595
571
549
527
507
487
468
449
432
415
399
383
368
353
340
326
313
301
289
278
267
257
247
237
228
219
210
202
194
186
179
172
165
159
153
147
141
135
130
125
120
115
111
106
102
98
94
91
87
84
80
77
74
71
69
66
63
61
58
56
54
52
50
48
46
44
42
41
39
38
36
35
33
32
31
30
28
27
26
25
24
23
22
21
21
20
19
18
18
17
16
16
15
14
14
13
13
12
12
11
11
10
10
10
9
9
9
8
8
8
7
7
7
6
6
6
6
6
5
5
5
5
5
4
4
4
4
4
4
3
3
3
3
3
3
3
3
2
2
2
2
2
2
2
2
2
2
2
2
2
1
1
1
1
1
1
1
1
1
1
1
1
1
1
1
1
1
1
1
1
1
1
1
1
1
1
1
1
0
0
0
0
0
0
0
0
0
0
0
0
0
0
0
0
0
0
0
0
0
0
0
0
0
0
0
0
0
0
0
0
0
0
0
0
0
0
0
0
0
0
0
0
0
0
0
0
0
0
0
0
0
0
0
0
0
0
0
0
0
0
0
0
0
0
0
0
0
0
0
0
0
0
0
0
0
1000
961
923
887
852
819
787
756
726
698
670
644
619
595
571
549
527
507
487
468
449
432
415
399
383
368
353
340
326
313
301
289
278
1267
1217
1170
1124
1080
1037
997
958
920
884
849
816
784
753
724
695
668
642
617
593
569
547
526
505
485
466
448
430
413
397
382
367
352
338
325
312
300
288
277
266
256
246
236
227
218
209
201
193
186
178
171
165
158
152
146
140
135
130
125
120
115
110
106
102
98
94
90
87
83
80
77
74
71
68
66
63
61
58
56
54
52
50
48
46
44
1042
1001
962
924
888
853
820
788
757
727
699
671
645
620
595
572
550
528
507
487
1468
1411
1355
1302
1251
1202
1155
1110
1066
1024
984
946
909
873
839
806
774
744
715
687
660
634
609
585
562
540
519
499
479
460
442
425
408
392
377
362
348
334
321
309
296
1285
1234
1186
1140
1095
1052
1011
971
933
1896
1822
1751
1682
1616
1553
1492
1433
1377
1323
1271
1221
1173
1127
1083
1041
1000
961
923
887
852
819
787
756
726
698
670
644
619
594
571
549
527
507
487
468
449
432
415
399
383
368
353
340
326
313
301
289
278
267
257
247
237
228
219
210
202
194
186
179
172
165
159
153
147
141
135
130
125
120
115
111
106
102
98
94
91
87
84
80
77
74
71
69
66
63
61
58
56
54
52
50
48
46
44
42
41
39
38
36
35
33
32
31
30
28
27
26
25
24
23
22
21
21
20
19
18
1018
978
939
903
867
833
800
769
739
710
682
655
1630
1566
1504
1445
1389
1334
1282
1232
1183
1137
1092
1050
1008
969
931
894
859
826
793
762
732
704
676
649
624
600
576
553
532
511
491
472
453
435
418
402
386
371
356
342
329
316
304
292
280
269
259
249
239
230
221
212
204
196
188
181
173
167
160
154
148
142
136
131
126
121
116
112
107
103
1099
1056
1015
975
937
900
865
831
798
767
737
708
680
653
628
603
580
557
535
514
494
474
456
438
421
404
388
373
359
345
331
318
306
294
282
271
260
250
240
231
222
213
205
197
189
182
175
168
161
155
149
143
137
132
127
122
117
112
108
104
100
96
92
88
85
82
78
75
72
70
67
64
62
59
1057
1016
976
937
901
865
831
799
768
737
708
681
654
628
604
580
557
535
514
494
475
456
438
421
405
389
374
359
345
331
318
306
294
282
271
261
1250
1201
1154
1109
1066
1024
984
945
908
872
838
805
774
743
714
686
659
633
609
585
562
540
519
498
479
460
442
425
408
392
377
362
348
334
321
308
296
285
273
263
252
243
233
224
215
207
199
191
183
176
169
163
156
150
144
139
133
128
123
118
113
109
105
101
97
93
89
86
82
79
76
73
1070
1028
988
949
912
876
842
809
777
747
717
689
662
636
611
587
564
542
521
500
481
462
444
426
410
394
378
363
349
335
322
310
298
286
1275
1225
1177
1131
1086
1044
1003
963
926
889
854
821
789
758
728
700
672
646
620
596
573
550
529
508
488
469
451
433
416
400
384
369
354
341
327
314
302
290
279
268
257
247
238
228
219
211
202
195
187
180
173
166
159
153
147
141
136
130
125
120
116
111
107
103
99
95
91
87
84
81
78
74
72
69
66
63
61
59
56
54
52
50
48
46
44
43
41
39
38
36
35
33
32
31
30
29
27
26
25
24
23
22
22
21
20
19
18
18
17
16
16
15
14
14
13
13
12
12
11
11
10
10
10
9
9
9
8
8
8
7
7
7
6
6
6
6
6
5
5
5
5
5
4
4
4
4
4
4
3
3
3
3
3
3
3
3
2
2
2
2
2
2
2
2
2
2
2
2
2
1
1
1
1
1
1
1
1
1
1
1
1
1
1
1
1
1
1
1
1
1
1
1
1
1
1
1
1
0
0
0
0
0
0
0
0
0
0
0
0
0
0
0
0
0
0
0
0
0
0
0
0
0
0
0
0
0
0
0
0
0
0
0
0
0
0
0
0
0
0
0
0
0
0
0
0
0
0
0
0
0
0
0
0
0
0
0
0
0
0
0
0
0
0
0
0
0
0
0
0
0
0
0
0
0
0
0
0
0
0
0
0
0
0
0
0
0
0
0
0
0
0
0
0
0
0
0
0
0
0
0
0
0
0
0
0
0
0
0
0
0
0
0
0
0
0
0
0
0
0
0
0
0
0
0
0
0
0
0
0
0
0
0
0
0
0
0
0
0
0
0
0
0
0
0
0
0
0
0
0
0
0
0
0
0
0
0
0
0
0
0
0
0
0
0
0
0
0
0
0
0
0
0
0
0
0
0
0
0
0
0
0
0
0
0
0
0
0
0
0
0
0
0
0
0
0
0
0
0
0
0
0
0
0
0
0
0
0
0
0
0
0
0
0
0
0
0
0
0
0
0
0
0
0
0
0
0
0
0
0
0
0
0
0
0
0
0
0
0
0
0
0
0
0
0
0
0
0
0
0
0
0
0
0
0
0
0
0
0
0
0
1000
961
923
887
852
819
787
756
726
698
670
644
619
595
571
549
527
507
487
468
449
432
415
399
383
368
353
340
326
313
301
289
278
267
257
247
237
228
219
210
202
194
186
179
172
165
159
153
147
141
135
130
125
120
115
1111
1067
1025
985
947
909
874
840
807
775
745
715
687
660
635
610
586
563
541
519
499
480
461
443
425
409
393
377
362
348
335
321
309
297
285
274
263
253
243
233
224
215
207
199
191
184
176
169
163
156
150
144
139
133
128
123
118
114
109
105
101
97
93
89
86
83
79
76
73
70
68
65
62
60
58
55
53
51
49
47
45
44
42
40
39
37
36
34
33
32
30
29
28
27
26
25
24
23
22
21
20
20
19
18
17
17
16
15
15
14
14
13
13
12
12
11
11
10
10
10
9
9
8
8
8
7
7
7
7
6
6
6
6
5
5
5
5
5
4
4
4
4
4
4
4
3
3
3
3
3
3
3
3
2
2
2
2
2
2
2
2
2
2
2
2
2
1
1
1
1
1
1
1
1
1001
962
924
888
853
820
787
757
727
698
671
645
619
595
572
549
528
507
487
468
450
432
415
399
383
368
354
340
327
314
302
290
278
267
257
247
237
228
219
210
202
194
187
179
172
165
159
153
147
141
135
130
125
120
115
111
107
102
98
95
91
87
84
81
77
74
71
69
66
63
61
58
56
54
52
50
48
46
44
42
41
39
38
36
35
33
32
31
30
28
27
26
25
24
23
22
22
21
20
19
18
18
17
16
16
15
14
14
13
13
12
12
11
11
10
10
10
9
9
9
8
8
8
7
7
7
6
6
6
6
6
5
5
5
5
5
4
4
4
4
4
4
3
3
3
3
3
3
3
3
2
2
2
2
2
2
2
2
2
2
2
2
2
1
1
1
1
1
1
1
1
1
1
1
1
1
1
1
1
1
1
1
1
1
1
1
1
1
1
1
1
0
0
0
0
0
0
0
0
0
0
0
0
0
0
0
0
0
0
0
0
0
0
0
0
0
0
0
0
0
0
0
0
0
0
0
0
0
0
0
0
0
0
0
0
0
0
0
0
0
0
0
0
0
0
0
0
0
0
0
0
0
0
0
0
0
0
0
0
0
0
0
0
0
0
0
0
0
0
0
0
0
0
0
0
0
0
0
0
0
0
0
0
0
0
0
0
0
0
0
0
0
0
0
0
0
0
0
0
0
0
0
0
0
0
0
0
0
0
0
0
0
0
0
0
0
0
0
0
0
0
0
0
0
0
0
0
0
0
0
0
0
0
0
0
0
0
0
0
0
0
0
0
0
0
0
0
0
0
0
0
0
0
0
0
0
0
0
0
0
0
0
0
0
0
0
0
0
0
0
0
0
0
0
0
0
0
0
0
0
0
0
0
0
0
0
0
0
0
0
0
0
0
0
0
0
0
0
0
0
0
0
0
0
0
0
0
0
0
0
0
0
0
0
0
0
0
0
0
0
0
0
0
0
0
0
0
0
0
0
0
0
0
0
0
0
0
0
0
0
0
0
0
0
0
0
0
0
0
0
0
0
0
0
0
0
0
0
0
0
0
0
0
0
0
0
0
0
0
0
0
0
0
0
0
0
0
0
0
0
0
0
0
0
0
0
0
0
0
0
0
0
0
0
0
0
0
0
0
0
0
0
0
0
0
0
0
0
0
0
0
0
0
0
0
0
0
0
0
0
0
0
0
0
0
0
0
0
0
0
0
0
0
0
0
0
0
0
0
0
0
0
0
0
0
0
0
0
0
0
0
0
0
0
0
0
0
0
0
0
0
0
0
0
0
0
0
0
0
0
0
0
0
0
0
0
0
0
0
0
0
0
0
0
0
0
0
0
0
0
0
0
0
0
0
0
0
0
0
0
0
0
0
0
0
0
0
0
0
0
0
0
0
0
0
0
0
0
0
0
0
0
0
0
0
0
0
0
0
0
0
0
0
0
0
0
0
0
0
0
0
0
0
0
0
0
0
0
0
0
0
0
0
0
0
0
0
0
0
0
0
0
0
0
0
0
0
0
0
0
0
0
0
0
0
0
0
0
0
0
0
0
0
0
0
0
0
0
0
0
0
0
0
0
0
0
0
0
0
0
0
0
0
0
0
0
0
0
0
0
0
0
0
0
0
0
0
0
0
0
0
0
0
0
0
0
0
0
0
0
0
0
0
0
0
0
0
0
0
0
0
0
0
0
0
0
0
0
0
0
0
0
0
0
0
0
0
0
0
0
0
0
0
0
0
0
0
0
0
0
0
0
0
0
0
0
0
0
0
0
0
0
0
0
0
1000
961
923
887
852
819
787
756
726
698
670
644
619
595
571
549
527
507
487
468
449
432
415
399
383
368
353
340
326
1313
1262
1213
1165
1119
1075
1033
993
954
916
880
846
813
781
750
721
693
665
639
614
590
567
545
523
503
483
464
446
429
412
396
380
365
351
337
324
311
299
287
276
265
255
245
235
226
217
209
200
193
1185
1139
1094
1051
1010
970
932
896
860
827
794
763
733
705
677
650
625
600
577
554
532
512
492
472
454
436
419
402
387
371
357
343
329
317
304
292
281
270
259
249
239
230
221
212
204
196
188
181
174
167
160
154
148
142
137
131
126
121
116
112
108
103
99
95
92
88
85
81
78
75
72
69
67
64
61
59
57
54
52
50
48
46
45
43
41
40
38
37
35
34
32
31
30
29
28
27
25
24
24
23
22
21
20
19
18
18
17
16
16
15
15
14
13
13
12
12
11
11
11
10
10
9
9
9
8
8
8
7
7
7
7
6
6
6
6
5
5
5
5
5
4
4
4
4
4
4
3
3
3
3
3
3
3
3
3
2
2
2
2
2
2
2
2
2
2
2
2
1
1
1
1
1
1
1
1
1
1
1
1
1
1
1
1
1
1
1
1
1
1
1
1
1
1
1
1
0
0
0
0
0
0
0
0
0
0
0
0
0
0
0
0
0
0
0
0
0
0
0
0
0
0
0
0
0
0
0
0
0
0
0
0
0
0
0
0
0
0
0
0
0
0
0
0
0
0
0
0
0
0
0
0
0
0
0
0
0
0
0
0
0
0
0
0
0
0
0
0
0
0
0
0
0
0
0
0
0
0
0
0
0
0
0
1000
961
1923
1848
1775
1706
1639
1575
1513
1453
1396
1342
1289
1239
1190
1143
1099
1055
1014
974
936
899
864
830
798
766
736
707
680
653
627
603
579
557
535
514
494
474
456
438
421
404
388
373
358
344
331
318
305
293
282
271
260
250
240
231
222
213
205
197
189
182
174
168
161
155
149
143
137
132
127
122
117
112
108
104
100
96
92
88
85
82
78
75
72
70
67
64
62
59
57
55
53
50
49
47
45
43
41
40
38
37
35
34
33
31
30
29
28
27
26
25
24
23
22
21
20
19
19
18
17
16
16
15
15
14
13
13
12
12
11
11
11
10
10
9
9
9
8
8
8
7
7
7
7
6
6
6
6
5
5
5
5
5
4
4
4
4
4
4
3
3
3
3
3
3
1003
963
926
889
854
821
789
758
728
700
672
646
620
596
573
550
529
508
488
469
451
433
416
400
384
369
354
341
327
314
302
290
279
268
257
247
238
228
219
211
202
195
187
180
173
166
159
153
147
141
136
130
125
120
116
111
107
103
99
95
91
87
84
81
78
74
72
69
66
63
61
59
56
54
52
50
48
46
44
43
41
39
38
36
35
33
32
31
30
29
27
26
25
24
23
22
22
21
20
19
18
18
17
16
16
15
14
14
13
13
12
12
11
11
10
10
10
9
9
9
1008
969
931
894
859
825
793
762
732
703
676
649
624
599
576
553
532
511
491
472
453
435
418
402
386
371
356
342
329
316
304
292
280
269
259
249
239
230
221
212
204
196
188
181
173
167
160
154
148
142
136
131
126
121
116
112
107
103
99
95
91
88
84
81
78
75
72
69
66
64
61
59
57
54
52
50
48
46
1045
1004
964
926
890
855
822
789
758
729
700
673
646
621
597
573
551
529
508
488
469
451
433
416
400
384
369
355
341
327
1315
1263
1214
1166
1120
1076
1034
994
955
917
881
847
813
782
751
721
693
666
640
615
591
568
545
524
503
484
465
446
429
412
396
380
366
351
337
324
311
299
288
276
265
255
245
235
226
217
209
201
193
185
178
171
164
158
152
146
140
134
129
124
119
115
110
106
102
98
94
90
87
83
80
77
74
71
68
65
63
60
58
56
54
51
49
48
46
44
42
40
39
37
36
35
33
32
31
29
28
27
26
25
24
23
22
21
21
20
19
18
17
17
1016
976
938
901
866
832
799
768
738
709
681
654
629
604
580
558
536
515
495
475
457
439
421
405
389
374
359
345
332
319
306
294
283
271
261
251
241
231
222
214
205
197
189
182
175
168
161
155
149
143
138
132
127
122
117
113
108
104
100
96
92
1089
1046
1005
965
928
891
856
823
790
759
730
701
674
647
622
597
574
551
530
509
489
470
452
434
417
400
385
370
355
341
328
315
303
291
279
268
258
248
238
229
220
211
203
195
187
180
173
166
160
153
1147
1102
2059
1978
1901
1826
1755
1686
1620
1556
1495
2437
2341
2249
2161
2076
1995
1917
1842
1769
1700
1633
1569
1508
1449
1392
1337
1285
1234
1186
1140
1095
1052
1011
971
933
896
861
827
795
764
734
705
677
651
625
601
577
555
533
512
492
473
454
436
419
403
387
372
357
343
330
317
304
292
281
270
259
249
239
230
221
212
204
196
188
181
174
167
161
154
148
142
137
131
126
121
117
112
108
103
99
95
1092
1049
1008
968
930
894
859
825
793
762
732
703
676
649
624
599
576
553
531
511
491
471
453
435
418
402
386
371
356
342
329
316
304
292
280
269
259
249
239
229
220
212
203
195
188
180
173
167
160
154
148
142
136
131
126
121
116
112
107
103
99
95
91
88
84
81
78
75
72
69
66
64
61
59
57
54
52
50
48
46
44
43
41
39
38
36
35
34
32
31
30
29
28
26
25
24
23
23
22
21
20
19
18
18
17
16
16
15
15
14
13
13
12
12
11
11
11
10
10
9
9
9
8
8
8
7
7
7
7
6
6
6
6
5
5
5
5
5
4
4
4
4
4
4
3
3
3
3
3
3
3
3
2
2
2
2
2
2
2
1002
963
925
889
854
820
788
757
1728
1660
1595
1532
1472
1414
1359
1306
1254
1205
1158
1113
1069
1027
987
948
911
875
841
808
776
746
717
688
661
636
611
587
564
542
520
500
480
461
443
426
409
393
378
363
349
335
322
309
297
286
274
264
253
243
234
225
216
207
199
191
184
177
170
163
157
151
145
139
134
128
123
118
114
109
105
101
97
93
90
86
83
79
76
73
70
68
65
62
60
58
55
53
51
49
47
45
44
42
40
39
37
36
1034
994
955
917
881
847
814
782
751
722
693
666
640
615
591
568
545
524
503
484
465
447
429
412
396
380
366
351
337
324
312
299
288
276
265
255
245
235
226
217
209
201
193
185
178
171
164
158
152
146
140
134
129
124
119
115
110
106
102
98
94
90
87
83
80
77
74
71
68
65
63
60
58
56
54
51
49
48
46
44
42
41
39
37
36
35
33
32
31
29
28
27
26
25
24
23
22
21
21
20
19
18
17
17
16
16
15
14
14
13
13
12
12
11
11
10
10
10
9
9
9
8
8
8
7
7
7
6
6
6
6
5
5
5
5
5
4
4
4
4
4
4
4
3
3
3
3
3
3
3
3
2
2
2
2
2
2
2
2
2
2
2
2
2
1
1
1
1
1
1
1
1
1
1
1
1
1
1
1
1
1
1
1
1
1
1
1
1
1
1
1
0
0
0
0
0
0
0
0
0
0
0
0
0
0
0
0
0
0
0
0
0
0
0
0
0
0
0
0
0
0
0
0
0
0
0
0
0
0
0
0
0
0
0
0
0
0
0
0
0
0
0
0
0
0
0
0
0
0
0
0
0
0
0
0
0
0
0
0
0
0
0
0
0
0
0
0
0
0
0
0
0
0
0
0
0
0
0
0
0
0
0
0
0
0
0
0
0
0
0
0
0
0
0
0
0
0
0
0
0
0
0
0
0
0
0
0
0
0
0
0
0
0
0
0
0
0
0
0
0
0
0
0
0
0
0
0
0
0
0
0
0
0
0
0
0
0
0
0
0
0
0
0
0
0
0
0
0
0
0
0
0
0
0
0
0
0
0
1000
961
1923
1848
1775
1706
1639
1575
1513
1453
1396
1342
1289
1239
1190
1143
1099
1055
1014
974
936
899
864
830
798
766
736
707
680
653
627
603
579
557
535
514
494
474
1456
1399
1344
1291
1240
1192
1145
1100
1057
1016
976
937
901
865
831
799
768
737
709
681
654
628
604
580
557
535
515
494
475
456
438
421
405
389
374
359
345
331
318
306
294
282
271
261
250
241
231
222
213
205
197
189
182
175
168
161
155
149
143
137
1132
1088
1045
1004
965
927
891
856
822
790
759
729
700
673
647
621
597
574
551
529
509
489
470
451
433
416
400
384
369
355
341
328
315
302
291
279
268
258
248
238
229
220
211
203
195
187
180
1173
1127
1083
1040
999
960
923
886
852
818
786
755
726
697
670
644
618
594
571
548
527
506
486
1467
1410
1355
1301
1250
1201
1154
1109
1066
1024
984
945
908
872
838
805
774
743
714
686
659
633
609
585
562
540
519
498
479
460
442
425
408
392
377
362
348
334
321
308
296
285
273
263
252
243
1233
1185
1138
1094
1051
1010
970
932
895
860
827
794
763
733
704
677
650
625
600
577
554
532
511
491
472
454
436
419
402
387
371
357
343
329
316
304
292
281
270
259
249
239
230
221
212
204
196
188
181
174
167
160
154
148
142
137
131
126
121
116
112
107
103
99
95
92
88
85
81
78
75
72
69
67
64
61
59
57
54
52
50
48
46
45
43
41
40
38
36
35
34
32
31
30
29
28
27
25
24
24
23
22
21
20
19
18
18
17
16
16
15
15
1014
974
936
899
864
830
798
766
736
707
680
653
627
603
579
556
535
514
494
474
456
438
421
404
388
373
358
344
331
318
305
293
282
271
260
250
240
231
222
213
205
197
189
182
174
168
161
155
149
143
137
132
127
122
117
112
108
104
100
96
92
88
85
82
78
1075
1033
993
954
916
880
846
813
781
750
721
693
665
639
614
590
567
545
523
503
483
464
446
429
412
396
380
365
351
337
324
311
299
287
276
265
255
245
235
226
217
209
200
193
185
178
171
164
158
151
146
140
134
129
124
119
114
110
106
102
98
94
90
87
83
80
77
74
71
68
65
63
60
58
56
54
1051
1010
971
933
896
861
827
795
764
734
705
677
651
625
601
577
554
533
512
492
472
454
436
419
403
387
1372
1318
1266
1217
1169
1123
1079
1037
996
957
919
883
849
815
783
753
723
695
668
641
616
592
569
547
525
505
485
466
448
430
413
397
381
366
352
338
325
312
300
288
277
266
256
246
236
227
218
209
201
193
186
178
171
165
158
152
146
140
135
130
124
120
115
110
106
102
98
94
90
87
83
80
77
74
71
68
66
63
61
58
56
54
52
50
48
46
44
42
41
39
37
36
35
33
32
31
29
28
27
26
25
24
23
22
21
21
20
19
18
18
17
16
16
15
14
14
13
13
12
12
11
11
10
10
10
9
9
9
8
8
8
7
7
7
6
6
6
6
5
5
5
5
5
4
4
4
4
4
4
4
3
3
3
3
3
3
3
3
2
2
2
2
2
2
2
2
2
2
2
2
2
1
1
1
1
1
1
1
1
1
1
1
1
1
1
1
1
1
1
1
1
1
1
1
1
1
1
1
0
0
0
0
0
0
0
0
0
0
0
0
0
0
0
0
0
0
0
1000
961
923
887
852
819
787
756
726
698
670
644
619
595
571
549
527
507
487
468
449
432
415
399
383
368
354
340
326
314
301
289
278
267
257
247
237
228
219
210
202
194
186
179
172
165
159
153
147
141
135
130
125
120
115
111
106
102
98
94
1091
1048
1007
967
929
893
858
824
792
761
731
702
675
648
623
599
575
553
531
510
490
471
452
435
418
401
386
370
356
342
329
316
303
291
280
269
258
248
239
229
220
212
203
195
188
180
173
166
160
154
148
142
136
1131
1087
1044
1003
964
926
890
855
821
789
758
728
700
672
646
621
596
573
550
529
508
488
469
451
433
416
400
384
369
355
341
327
314
302
290
279
268
257
247
238
228
219
211
203
195
187
180
173
166
159
153
147
141
136
130
125
120
116
111
107
103
99
95
91
87
84
81
78
74
72
69
66
63
61
59
56
54
52
50
48
46
44
43
41
39
38
36
35
33
32
31
30
29
27
26
25
24
23
22
22
21
20
19
18
18
17
16
16
15
14
1014
974
936
899
864
830
798
766
736
707
680
653
627
603
579
1556
1495
1437
1380
1326
1274
1224
1176
1130
1086
1043
1002
963
925
889
854
821
789
758
728
699
672
646
620
596
573
550
529
508
488
469
450
433
416
399
384
369
354
340
327
314
302
290
279
268
257
247
237
228
219
211
202
194
187
179
172
166
159
153
147
141
136
130
125
120
116
111
107
103
99
95
91
87
84
81
77
74
72
69
66
63
61
59
56
54
52
50
48
46
44
43
41
39
38
36
35
33
32
31
30
29
27
26
25
24
23
22
22
21
20
19
18
18
17
16
16
15
14
14
13
13
12
12
11
11
10
10
10
9
9
9
8
8
8
7
7
7
6
6
6
6
6
5
5
5
5
5
4
4
4
4
4
4
3
3
3
3
3
3
3
3
2
2
2
2
2
2
2
2
2
2
2
2
2
1
1
1
1
1
1
1
1
1
1
1
1
1
1
1
1
1
1
1
1
1
1
1
1
1
1
1
1
0
0
0
0
0
0
0
0
0
0
0
0
0
0
0
0
0
0
0
0
0
0
0
0
0
0
0
0
0
0
0
0
0
0
0
0
0
0
0
0
0
0
0
0
0
0
0
0
0
0
0
0
0
0
0
0
0
0
0
0
0
0
0
0
0
0
0
0
0
0
0
0
0
0
0
0
0
1000
961
923
887
852
819
787
756
726
698
670
644
619
595
571
549
527
507
487
468
449
432
415
399
383
368
353
340
326
313
301
289
278
267
257
247
237
228
219
210
202
194
186
179
172
165
159
153
147
141
135
130
125
120
115
111
106
102
98
94
91
87
84
80
77
74
71
69
66
63
61
58
56
54
52
50
48
46
44
42
41
39
38
36
35
33
32
31
30
28
27
26
25
24
23
22
21
21
20
19
18
18
17
16
16
15
14
14
13
13
12
12
11
11
10
10
10
9
9
9
8
8
8
7
7
7
6
6
6
6
6
5
5
5
5
5
4
4
4
4
4
4
3
3
3
3
3
3
3
3
2
2
2
2
2
2
2
2
2
2
2
2
2
1
1
1
1
1
1
1
1
1
1
1
1
1
1
1
1
1
1
1
1
1
1
1
1
1
1
1
1
0
0
0
0
0
0
0
0
0
0
0
0
0
0
0
0
0
0
0
0
0
0
0
0
0
0
0
0
0
0
0
0
0
0
0
0
0
0
0
0
0
0
0
0
0
0
0
0
0
0
0
0
0
0
0
0
0
0
1000
961
923
887
852
819
787
756
726
698
670
644
619
595
571
549
527
507
487
468
449
432
415
399
383
368
353
340
326
314
301
289
278
267
257
247
237
228
219
210
202
194
186
179
172
165
159
153
147
141
135
130
125
120
115
111
106
102
98
94
91
87
84
80
77
74
71
69
66
63
61
58
56
54
52
50
48
46
44
42
41
39
38
36
35
33
32
31
30
28
27
26
25
24
23
22
21
21
20
19
18
18
17
16
16
15
14
14
13
13
12
12
1011
972
934
897
862
828
796
764
734
706
678
651
626
601
578
555
533
512
492
473
454
437
419
403
387
372
357
343
330
317
305
293
281
270
260
249
240
230
221
213
204
196
188
181
174
167
161
154
148
142
137
132
126
121
117
112
108
103
99
95
92
88
85
81
78
75
72
69
67
64
61
59
57
55
52
50
48
46
45
43
41
40
38
37
35
34
32
31
30
29
28
27
26
25
24
23
22
21
20
19
19
18
17
16
16
15
15
14
13
13
12
12
11
11
11
10
10
9
9
9
8
8
8
7
7
7
7
6
6
6
6
5
5
5
5
5
4
4
4
4
4
4
3
3
3
3
3
3
3
3
3
2
2
2
2
2
2
2
2
2
2
2
2
1
1
1
1
1
1
1
1
1
1
1
1
1
1
1
1
1
1
1
1
1
1
1
1
1
1
1
1
0
0
0
0
0
0
0
0
1000
961
923
887
852
819
787
756
726
698
671
644
619
595
571
549
527
507
487
468
449
432
415
399
383
368
354
340
326
314
301
289
278
267
257
247
237
228
219
210
202
194
186
179
172
165
159
153
147
141
135
130
125
120
115
111
106
102
98
94
91
87
84
80
77
74
71
69
66
63
61
58
56
54
52
50
48
46
44
42
41
39
38
36
35
33
32
31
30
28
27
26
25
24
23
22
22
21
20
19
18
18
17
16
16
15
14
14
13
13
12
12
11
11
10
10
10
9
9
9
8
8
8
7
7
7
6
6
6
6
6
5
5
5
5
5
4
4
4
4
4
4
3
3
3
3
3
3
3
3
2
2
2
2
2
2
2
2
2
2
2
2
2
1
1
1
1
1
1
1
1
1
1
1
1
1
1
1
1
1
1
1
1
1
1
1
1
1
1
1
1
0
0
0
0
0
0
0
0
0
0
0
0
0
0
0
0
0
0
0
0
0
0
0
0
