2186 0 0 0 1 -1 0 0 0 0 -1 0 0 0 0 0 0 0 0 0
2187 0 0 0 1 -1 0 0 0 0 0 0 0 0 0 0 0 0 0 0
2186 0 0 0 1 -1 0 0 0 0 0 0 0 0 0 0 0 0 0 0
2186 0 0 0 1 -1 0 0 0 0 -1 0 0 0 0 0 0 0 0 0
2186 0 0 0 1 -1 0 0 0 0 1 0 0 0 0 0 0 0 0 0
2186 0 0 0 1 -1 0 0 0 0 0 0 0 0 0 0 0 0 0 0
2186 0 0 0 1 -1 0 0 0 0 1 0 0 0 0 0 0 0 0 0
2186 0 0 0 1 -1 0 0 0 0 0 0 0 0 0 0 0 0 0 0
2186 0 0 0 1 -1 0 0 0 0 0 0 0 0 0 0 0 0 0 0
2186 0 0 0 1 -1 0 0 0 0 0 0 0 0 0 0 0 0 0 0
2186 0 0 0 1 -1 0 0 0 0 0 0 0 0 0 0 0 0 0 0
2187 0 0 0 1 -1 0 0 0 0 1 0 0 0 0 0 0 0 0 0
2187 0 0 0 1 -1 0 0 0 0 0 0 0 0 0 0 0 0 0 0
2185 0 0 0 1 -1 0 0 0 0 -1 0 0 0 0 0 0 0 0 0
2186 0 0 0 1 -1 0 0 0 0 0 0 0 0 0 0 0 0 0 0
2186 0 0 0 1 -1 0 0 0 0 0 0 0 0 0 0 0 0 0 0
2187 0 0 0 1 -1 0 0 0 0 0 0 0 0 0 0 0 0 0 0
2186 0 0 0 1 -1 0 0 0 0 -1 0 0 0 0 0 0 0 0 0
2186 0 0 0 1 -1 0 0 0 0 1 0 0 0 0 0 0 0 0 0
2186 0 0 0 1 -1 0 0 0 0 0 0 0 0 0 0 0 0 0 0
2186 0 0 0 1 -1 0 0 0 0 1 0 0 0 0 0 0 0 0 0
2185 0 0 0 1 -1 0 0 0 0 -1 0 0 0 0 0 0 0 0 0
2187 0 0 0 1 -1 0 0 0 0 0 0 0 0 0 0 0 0 0 0
2186 0 0 0 1 -1 0 0 0 0 0 0 0 0 0 0 0 0 0 0
2186 0 0 0 1 -1 0 0 0 0 1 0 0 0 0 0 0 0 0 0
2187 0 0 0 1 -1 0 0 0 0 0 0 0 0 0 0 0 0 0 0
2186 0 0 0 1 -1 0 0 0 0 -1 0 0 0 0 0 0 0 0 0
2186 0 0 0 1 -1 0 0 0 0 -1 0 0 0 0 0 0 0 0 0
2187 0 0 0 1 -1 0 0 0 0 1 0 0 0 0 0 0 0 0 0
2187 0 0 0 1 -1 0 0 0 0 0 0 0 0 0 0 0 0 0 0
2186 0 0 0 1 -1 0 0 0 0 -1 0 0 0 0 0 0 0 0 0
2186 0 0 0 1 -1 0 0 0 0 0 0 0 0 0 0 0 0 0 0
2187 0 0 0 1 -1 0 0 0 0 0 0 0 0 0 0 0 0 0 0
2186 0 0 0 1 -1 0 0 0 0 1 0 0 0 0 0 0 0 0 0
2186 0 0 0 1 -1 0 0 0 0 -1 0 0 0 0 0 0 0 0 0
2186 0 0 0 1 -1 0 0 0 0 0 0 0 0 0 0 0 0 0 0
2187 0 0 0 1 -1 0 0 0 0 0 0 0 0 0 0 0 0 0 0
2186 0 0 0 1 -1 0 0 0 0 1 0 0 0 0 0 0 0 0 0
2187 0 0 0 1 -1 0 0 0 0 -1 0 0 0 0 0 0 0 0 0
2186 0 0 0 1 -1 0 0 0 0 1 0 0 0 0 0 0 0 0 0
2186 0 0 0 1 -1 0 0 0 0 0 0 0 0 0 0 0 0 0 0
2187 0 0 0 1 -1 0 0 0 0 0 0 0 0 0 0 0 0 0 0
2187 0 0 0 1 -1 0 0 0 0 -1 0 0 0 0 0 0 0 0 0
2186 0 0 0 1 -1 0 0 0 0 0 0 0 0 0 0 0 0 0 0
2186 0 0 0 1 -1 0 0 0 0 1 0 0 0 0 0 0 0 0 0
2186 0 0 0 1 -1 0 0 0 0 0 0 0 0 0 0 0 0 0 0
2187 0 0 0 1 -1 0 0 0 0 -2 0 0 0 0 0 0 0 0 0
2186 0 0 0 1 -1 0 0 0 0 0 0 0 0 0 0 0 0 0 0
2185 0 0 0 1 -1 0 0 0 0 -1 0 0 0 0 0 0 0 0 0
2187 0 0 0 1 -1 0 0 0 0 1 0 0 0 0 0 0 0 0 0
2186 0 0 0 1 -1 0 0 0 0 0 0 0 0 0 0 0 0 0 0
2186 0 0 0 1 -1 0 0 0 0 1 0 0 0 0 0 0 0 0 0
2186 0 0 0 1 -1 0 0 0 0 0 0 0 0 0 0 0 0 0 0
2186 0 0 0 1 -1 0 0 0 0 0 0 0 0 0 0 0 0 0 0
2186 0 0 0 1 -1 0 0 0 0 -1 0 0 0 0 0 0 0 0 0
2187 0 0 0 1 -1 0 0 0 0 1 0 0 0 0 0 0 0 0 0
2185 0 0 0 1 -1 0 0 0 0 -1 0 0 0 0 0 0 0 0 0
2187 0 0 0 1 -1 0 0 0 0 2 0 0 0 0 0 0 0 0 0
2187 0 0 0 1 -1 0 0 0 0 -1 0 0 0 0 0 0 0 0 0
2185 0 0 0 1 -1 0 0 0 0 0 0 0 0 0 0 0 0 0 0
2186 0 0 0 1 -1 0 0 0 0 -1 0 0 0 0 0 0 0 0 0
2187 0 0 0 1 -1 0 0 0 0 -1 0 0 0 0 0 0 0 0 0
2186 0 0 0 1 -1 0 0 0 0 1 0 0 0 0 0 0 0 0 0
2186 0 0 0 1 -1 0 0 0 0 1 0 0 0 0 0 0 0 0 0
2185 0 0 0 1 -1 0 0 0 0 1 0 0 0 0 0 0 0 0 0
2186 0 0 0 1 -1 0 0 0 0 0 0 0 0 0 0 0 0 0 0
2185 0 0 0 1 -1 0 0 0 0 -1 0 0 0 0 0 0 0 0 0
2186 0 0 0 1 -1 0 0 0 0 0 0 0 0 0 0 0 0 0 0
2186 0 0 0 1 -1 0 0 0 0 0 0 0 0 0 0 0 0 0 0
2186 0 0 0 1 -1 0 0 0 0 0 0 0 0 0 0 0 0 0 0
2186 0 0 0 1 -1 0 0 0 0 0 0 0 0 0 0 0 0 0 0
2186 0 0 0 1 -1 0 0 0 0 0 0 0 0 0 0 0 0 0 0
2185 0 0 0 1 -1 0 0 0 0 1 0 0 0 0 0 0 0 0 0
2187 0 0 0 1 -1 0 0 0 0 1 0 0 0 0 0 0 0 0 0
2185 0 0 0 1 -1 0 0 0 0 0 0 0 0 0 0 0 0 0 0
2187 0 0 0 1 -1 0 0 0 0 -1 0 0 0 0 0 0 0 0 0
2186 0 0 0 1 -1 0 0 0 0 -1 0 0 0 0 0 0 0 0 0
2185 0 0 0 1 -1 0 0 0 0 1 0 0 0 0 0 0 0 0 0
2186 0 0 0 1 -1 0 0 0 0 0 0 0 0 0 0 0 0 0 0
2185 0 0 0 1 -1 0 0 0 0 0 0 0 0 0 0 0 0 0 0
2186 0 0 0 1 -1 0 0 0 0 -1 0 0 0 0 0 0 0 0 0
2187 0 0 0 1 -1 0 0 0 0 1 0 0 0 0 0 0 0 0 0
2186 0 0 0 1 -1 0 0 0 0 1 0 0 0 0 0 0 0 0 0
2186 0 0 0 1 -1 0 0 0 0 0 0 0 0 0 0 0 0 0 0
2186 0 0 0 1 -1 0 0 0 0 0 0 0 0 0 0 0 0 0 0
2186 0 0 0 1 -1 0 0 0 0 -1 0 0 0 0 0 0 0 0 0
2186 0 0 0 1 -1 0 0 0 0 0 0 0 0 0 0 0 0 0 0
2186 0 0 0 1 -1 0 0 0 0 0 0 0 0 0 0 0 0 0 0
2186 0 0 0 1 -1 0 0 0 0 -1 0 0 0 0 0 0 0 0 0
2186 0 0 0 1 -1 0 0 0 0 0 0 0 0 0 0 0 0 0 0
2187 0 0 0 1 -1 0 0 0 0 -1 0 0 0 0 0 0 0 0 0
2187 0 0 0 1 -1 0 0 0 0 1 0 0 0 0 0 0 0 0 0
2186 0 0 0 1 -1 0 0 0 0 0 0 0 0 0 0 0 0 0 0
2186 0 0 0 1 -1 0 0 0 0 0 0 0 0 0 0 0 0 0 0
2186 0 0 0 1 -1 0 0 0 0 1 0 0 0 0 0 0 0 0 0
2187 0 0 0 1 -1 0 0 0 0 0 0 0 0 0 0 0 0 0 0
2186 0 0 0 1 -1 0 0 0 0 1 0 0 0 0 0 0 0 0 0
2186 0 0 0 1 -1 0 0 0 0 -1 0 0 0 0 0 0 0 0 0
2186 0 0 0 1 -1 0 0 0 0 1 0 0 0 0 0 0 0 0 0
2187 0 0 0 1 -1 0 0 0 0 -2 0 0 0 0 0 0 0 0 0
2187 0 0 0 1 -1 0 0 0 0 0 0 0 0 0 0 0 0 0 0
2186 0 0 0 1 -1 0 0 0 0 -1 0 0 0 0 0 0 0 0 0
2187 0 0 0 1 -1 0 0 0 0 1 0 0 0 0 0 0 0 0 0
2186 0 0 0 1 -1 0 0 0 0 0 0 0 0 0 0 0 0 0 0
2186 0 0 0 1 -1 0 0 0 0 1 0 0 0 0 0 0 0 0 0
2187 0 0 0 1 -1 0 0 0 0 1 0 0 0 0 0 0 0 0 0
2185 0 0 0 1 -1 0 0 0 0 0 0 0 0 0 0 0 0 0 0
2186 0 0 0 1 -1 0 0 0 0 -1 0 0 0 0 0 0 0 0 0
2186 0 0 0 1 -1 0 0 0 0 -1 0 0 0 0 0 0 0 0 0
2186 0 0 0 1 -1 0 0 0 0 0 0 0 0 0 0 0 0 0 0
2186 0 0 0 1 -1 0 0 0 0 0 0 0 0 0 0 0 0 0 0
2186 0 0 0 1 -1 0 0 0 0 0 0 0 0 0 0 0 0 0 0
2187 0 0 0 1 -1 0 0 0 0 0 0 0 0 0 0 0 0 0 0
2186 0 0 0 1 -1 0 0 0 0 1 0 0 0 0 0 0 0 0 0
2187 0 0 0 1 -1 0 0 0 0 0 0 0 0 0 0 0 0 0 0
2186 0 0 0 1 -1 0 0 0 0 0 0 0 0 0 0 0 0 0 0
2187 0 0 0 1 -1 0 0 0 0 0 0 0 0 0 0 0 0 0 0
2185 0 0 0 1 -1 0 0 0 0 1 0 0 0 0 0 0 0 0 0
2186 0 0 0 1 -1 0 0 0 0 0 0 0 0 0 0 0 0 0 0
2186 0 0 0 1 -1 0 0 0 0 -1 0 0 0 0 0 0 0 0 0
2186 0 0 0 1 -1 0 0 0 0 -1 0 0 0 0 0 0 0 0 0
2186 0 0 0 1 -1 0 0 0 0 1 0 0 0 0 0 0 0 0 0
2187 0 0 0 1 -1 0 0 0 0 0 0 0 0 0 0 0 0 0 0
2187 0 0 0 1 -1 0 0 0 0 2 0 0 0 0 0 0 0 0 0
2186 0 0 0 1 -1 0 0 0 0 -1 0 0 0 0 0 0 0 0 0
2186 0 0 0 1 -1 0 0 0 0 0 0 0 0 0 0 0 0 0 0
2186 0 0 0 1 -1 0 0 0 0 -1 0 0 0 0 0 0 0 0 0
2186 0 0 0 1 -1 0 0 0 0 0 0 0 0 0 0 0 0 0 0
2186 0 0 0 1 -1 0 0 0 0 0 0 0 0 0 0 0 0 0 0
2186 0 0 0 1 -1 0 0 0 0 -1 0 0 0 0 0 0 0 0 0
2186 0 0 0 1 -1 0 0 0 0 1 0 0 0 0 0 0 0 0 0
2187 0 0 0 1 -1 0 0 0 0 0 0 0 0 0 0 0 0 0 0
2186 0 0 0 1 -1 0 0 0 0 -1 0 0 0 0 0 0 0 0 0
2186 0 0 0 1 -1 0 0 0 0 -1 0 0 0 0 0 0 0 0 0
2187 0 0 0 1 -1 0 0 0 0 0 0 0 0 0 0 0 0 0 0
2187 0 0 0 1 -1 0 0 0 0 1 0 0 0 0 0 0 0 0 0
2186 0 0 0 1 -1 0 0 0 0 0 0 0 0 0 0 0 0 0 0
2186 0 0 0 1 -1 0 0 0 0 0 0 0 0 0 0 0 0 0 0
2186 0 0 0 1 -1 0 0 0 0 0 0 0 0 0 0 0 0 0 0
2187 0 0 0 1 -1 0 0 0 0 1 0 0 0 0 0 0 0 0 0
2186 0 0 0 1 -1 0 0 0 0 0 0 0 0 0 0 0 0 0 0
2188 0 0 0 1 -1 0 0 0 0 -1 0 0 0 0 0 0 0 0 0
2186 0 0 0 1 -1 0 0 0 0 0 0 0 0 0 0 0 0 0 0
2186 0 0 0 1 -1 0 0 0 0 0 0 0 0 0 0 0 0 0 0
2187 0 0 0 1 -1 0 0 0 0 1 0 0 0 0 0 0 0 0 0
2186 0 0 0 1 -1 0 0 0 0 0 0 0 0 0 0 0 0 0 0
2186 0 0 0 1 -1 0 0 0 0 0 0 0 0 0 0 0 0 0 0
2186 0 0 0 1 -1 0 0 0 0 0 0 0 0 0 0 0 0 0 0
2187 0 0 0 1 -1 0 0 0 0 0 0 0 0 0 0 0 0 0 0
2186 0 0 0 1 -1 0 0 0 0 0 0 0 0 0 0 0 0 0 0
2185 0 0 0 1 -1 0 0 0 0 -1 0 0 0 0 0 0 0 0 0
2186 0 0 0 1 -1 0 0 0 0 0 0 0 0 0 0 0 0 0 0
2186 0 0 0 1 -1 0 0 0 0 0 0 0 0 0 0 0 0 0 0
2186 0 0 0 1 -1 0 0 0 0 1 0 0 0 0 0 0 0 0 0
2186 0 0 0 1 -1 0 0 0 0 0 0 0 0 0 0 0 0 0 0
2186 0 0 0 1 -1 0 0 0 0 0 0 0 0 0 0 0 0 0 0
2186 0 0 0 1 -1 0 0 0 0 0 0 0 0 0 0 0 0 0 0
2187 0 0 0 1 -1 0 0 0 0 0 0 0 0 0 0 0 0 0 0
2186 0 0 0 1 -1 0 0 0 0 1 0 0 0 0 0 0 0 0 0
2185 0 0 0 1 -1 0 0 0 0 1 0 0 0 0 0 0 0 0 0
2187 0 0 0 1 -1 0 0 0 0 -1 0 0 0 0 0 0 0 0 0
2186 0 0 0 1 -1 0 0 0 0 -2 0 0 0 0 0 0 0 0 0
2186 0 0 0 1 -1 0 0 0 0 0 0 0 0 0 0 0 0 0 0
2187 0 0 0 1 -1 0 0 0 0 0 0 0 0 0 0 0 0 0 0
2186 0 0 0 1 -1 0 0 0 0 1 0 0 0 0 0 0 0 0 0
2186 0 0 0 1 -1 0 0 0 0 -1 0 0 0 0 0 0 0 0 0
2187 0 0 0 1 -1 0 0 0 0 -1 0 0 0 0 0 0 0 0 0
2186 0 0 0 1 -1 0 0 0 0 -1 0 0 0 0 0 0 0 0 0
2185 0 0 0 1 -1 0 0 0 0 0 0 0 0 0 0 0 0 0 0
2187 0 0 0 1 -1 0 0 0 0 1 0 0 0 0 0 0 0 0 0
2186 0 0 0 1 -1 0 0 0 0 1 0 0 0 0 0 0 0 0 0
2186 0 0 0 1 -1 0 0 0 0 0 0 0 0 0 0 0 0 0 0
2187 0 0 0 1 -1 0 0 0 0 0 0 0 0 0 0 0 0 0 0
2186 0 0 0 1 -1 0 0 0 0 0 0 0 0 0 0 0 0 0 0
2186 0 0 0 1 -1 0 0 0 0 0 0 0 0 0 0 0 0 0 0
2187 0 0 0 1 -1 0 0 0 0 1 0 0 0 0 0 0 0 0 0
2187 0 0 0 1 -1 0 0 0 0 0 0 0 0 0 0 0 0 0 0
2187 0 0 0 1 -1 0 0 0 0 1 0 0 0 0 0 0 0 0 0
2186 0 0 0 1 -1 0 0 0 0 0 0 0 0 0 0 0 0 0 0
2185 0 0 0 1 -1 0 0 0 0 -1 0 0 0 0 0 0 0 0 0
2187 0 0 0 1 -1 0 0 0 0 -1 0 0 0 0 0 0 0 0 0
2186 0 0 0 1 -1 0 0 0 0 -1 0 0 0 0 0 0 0 0 0
2186 0 0 0 1 -1 0 0 0 0 23 0 0 0 0 0 0 0 0 0
2186 0 0 0 1 -1 0 0 0 0 235 0 0 0 0 0 0 0 0 0
2185 0 0 0 1 -1 0 0 0 0 260 0 0 0 0 0 0 0 0 0
2185 0 0 0 1 -1 0 0 0 0 234 0 0 0 0 0 0 0 0 0
2186 1 0 0 1 0 0 0 0 0 25 0 0 0 0 0 0 0 0 0
2186 0 0 0 0 0 0 0 0 0 -1 0 0 0 0 0 0 0 0 0
2186 0 0 1 0 259 0 0 0 0 0 0 0 0 0 0 0 0 0 0
2186 0 0 1 1 259 0 0 0 0 -8 0 0 0 0 0 0 0 0 0
2186 0 0 1 1 259 0 0 0 0 -9 0 0 0 0 0 0 0 0 0
2186 0 0 1 1 259 0 0 0 0 -10 0 0 0 0 0 0 0 0 0
2186 0 0 1 1 259 0 0 0 0 -8 0 0 0 0 0 0 0 0 0
2187 0 0 1 1 259 0 0 0 0 -10 0 0 0 0 0 0 0 0 0
2186 0 0 1 1 259 1 0 0 0 -9 0 0 0 0 0 0 0 0 0
2187 0 0 1 1 259 1 0 0 0 -10 0 0 0 0 0 0 0 0 0
2187 0 0 1 1 259 1 0 0 0 -10 0 0 0 0 0 0 0 0 0
2185 0 0 1 1 259 1 0 0 0 -9 0 0 0 0 0 0 0 0 0
2186 0 0 1 1 259 1 0 0 0 -9 0 0 0 0 0 0 0 0 0
2186 0 0 1 1 259 1 0 0 0 -8 0 0 0 0 0 0 0 0 0
2208 0 0 1 1 259 1 0 0 0 -10 0 0 0 0 0 0 0 0 0
2421 0 0 1 1 259 1 0 0 0 -9 0 0 0 0 0 0 0 0 0
2446 0 0 1 1 259 1 0 0 0 -9 0 0 0 0 0 0 0 0 0
2442 0 0 1 1 259 1 0 0 0 -7 0 0 0 0 0 0 0 0 0
2446 0 0 1 1 259 1 0 0 0 -8 0 0 0 0 0 0 0 0 0
2445 0 0 1 1 259 1 0 0 0 -9 0 0 0 0 0 0 0 0 0
2442 0 0 1 1 259 1 0 0 0 -10 0 0 0 0 0 0 0 0 0
2438 0 0 1 1 259 1 0 0 0 -9 0 0 0 0 0 0 0 0 0
2436 0 0 1 1 259 1 0 0 0 -8 0 0 0 0 0 0 0 0 0
2432 0 0 1 1 259 1 0 0 0 -7 0 0 0 0 0 0 0 0 0
2430 0 0 1 1 259 1 0 0 0 -8 0 0 0 0 0 0 0 0 0
2426 0 0 1 1 259 1 0 0 0 -8 0 0 0 0 0 0 0 0 0
2423 0 0 1 1 259 1 0 0 0 -9 0 0 0 0 0 0 0 0 0
2420 0 0 1 1 259 1 0 0 0 -9 0 0 0 0 0 0 0 0 0
2416 0 0 1 1 259 1 0 0 0 -7 0 0 0 0 0 0 0 0 0
2414 0 0 1 1 259 1 0 0 0 -7 0 0 0 0 0 0 0 0 0
2411 0 0 1 1 259 1 0 0 0 -7 0 0 0 0 0 0 0 0 0
2408 0 0 1 1 259 1 0 0 0 -8 0 0 0 0 0 0 0 0 0
2404 0 0 1 1 259 1 0 0 0 -8 0 0 0 0 0 0 0 0 0
2402 0 0 1 1 259 1 0 0 0 -6 0 0 0 0 0 0 0 0 0
2399 0 0 1 1 259 1 0 0 0 -7 0 0 0 0 0 0 0 0 0
2397 0 0 1 1 259 1 0 0 0 -6 0 0 0 0 0 0 0 0 0
2394 0 0 1 1 259 1 0 0 0 -9 0 0 0 0 0 0 0 0 0
2390 0 0 1 1 259 1 0 0 0 -7 0 0 0 0 0 0 0 0 0
2387 0 0 1 1 259 1 0 0 0 -8 0 0 0 0 0 0 0 0 0
2385 0 0 1 1 259 1 0 0 0 -6 0 0 0 0 0 0 0 0 0
2382 0 0 1 1 259 1 0 0 0 -8 0 0 0 0 0 0 0 0 0
2380 0 0 1 1 259 1 0 0 0 -7 0 0 0 0 0 0 0 0 0
2377 0 0 1 1 259 1 0 0 0 -7 0 0 0 0 0 0 0 0 0
2374 0 0 1 1 259 1 0 0 0 -7 0 0 0 0 0 0 0 0 0
2371 0 0 1 1 259 1 0 0 0 -6 0 0 0 0 0 0 0 0 0
2368 0 0 1 1 259 1 0 0 0 -6 0 0 0 0 0 0 0 0 0
2367 0 0 1 1 259 1 0 0 0 -5 0 0 0 0 0 0 0 0 0
2364 0 0 1 1 259 1 0 0 0 -7 0 0 0 0 0 0 0 0 0
2361 0 0 1 1 259 0 0 0 0 -6 0 0 0 0 0 0 0 0 0
2359 0 0 1 1 259 0 0 0 0 -7 0 0 0 0 0 0 0 0 0
2356 0 0 1 1 259 0 0 0 0 -6 0 0 0 0 0 0 0 0 0
2355 0 0 1 1 259 0 0 0 0 -6 0 0 0 0 0 0 0 0 0
2352 0 0 1 1 259 0 0 0 0 -6 0 0 0 0 0 0 0 0 0
2350 0 0 1 1 259 0 0 0 0 -4 0 0 0 0 0 0 0 0 0
2346 0 0 1 1 259 0 0 0 0 -6 0 0 0 0 0 0 0 0 0
2345 0 0 1 1 259 0 0 0 0 -4 0 0 0 0 0 0 0 0 0
2342 0 0 1 1 259 0 0 0 0 -7 0 0 0 0 0 0 0 0 0
2340 0 0 1 1 259 0 0 0 0 -5 0 0 0 0 0 0 0 0 0
2337 0 0 1 1 259 0 0 0 0 -6 0 0 0 0 0 0 0 0 0
2335 0 0 1 1 259 0 0 0 0 -5 0 0 0 0 0 0 0 0 0
2333 0 0 1 1 259 0 0 0 0 -6 0 0 0 0 0 0 0 0 0
2330 0 0 1 1 259 0 0 0 0 -6 0 0 0 0 0 0 0 0 0
2329 0 0 1 1 259 0 0 0 0 -5 0 0 0 0 0 0 0 0 0
2327 0 0 1 1 259 0 0 0 0 -5 0 0 0 0 0 0 0 0 0
2325 0 0 1 1 259 0 0 0 0 -3 0 0 0 0 0 0 0 0 0
2322 0 0 1 1 259 0 0 0 0 -6 0 0 0 0 0 0 0 0 0
2321 0 0 1 1 259 0 0 0 0 -4 0 0 0 0 0 0 0 0 0
2318 0 0 1 1 259 0 0 0 0 -6 0 0 0 0 0 0 0 0 0
2316 0 0 1 1 259 0 0 0 0 -3 0 0 0 0 0 0 0 0 0
2315 0 0 1 1 259 0 0 0 0 -5 0 0 0 0 0 0 0 0 0
2312 0 0 1 1 259 0 0 0 0 -5 0 0 0 0 0 0 0 0 0
2312 0 0 1 1 259 0 0 0 0 -6 0 0 0 0 0 0 0 0 0
2309 0 0 1 1 259 0 0 0 0 -4 0 0 0 0 0 0 0 0 0
2308 0 0 1 1 259 0 0 0 0 -4 0 0 0 0 0 0 0 0 0
2305 0 0 1 1 259 0 0 0 0 -3 0 0 0 0 0 0 0 0 0
2304 0 0 1 1 259 0 0 0 0 -5 0 0 0 0 0 0 0 0 0
2302 0 0 1 1 259 0 0 0 0 -4 0 0 0 0 0 0 0 0 0
2300 0 0 1 1 259 0 0 0 0 -5 0 0 0 0 0 0 0 0 0
2298 0 0 1 1 259 0 0 0 0 -3 0 0 0 0 0 0 0 0 0
2296 0 0 1 1 259 0 0 0 0 -3 0 0 0 0 0 0 0 0 0
2295 0 0 1 1 259 0 0 0 0 -3 0 0 0 0 0 0 0 0 0
2293 0 0 1 1 259 0 0 0 0 -5 0 0 0 0 0 0 0 0 0
2293 0 0 1 1 259 0 0 0 0 -5 0 0 0 0 0 0 0 0 0
2289 0 0 1 1 259 0 0 0 0 -4 0 0 0 0 0 0 0 0 0
2289 0 0 1 1 259 0 0 0 0 -3 0 0 0 0 0 0 0 0 0
2287 0 0 1 1 259 0 0 0 0 -3 0 0 0 0 0 0 0 0 0
2286 0 0 1 1 259 0 0 0 0 -3 0 0 0 0 0 0 0 0 0
2284 0 0 1 1 259 0 0 0 0 -3 0 0 0 0 0 0 0 0 0
2282 0 0 1 1 259 0 0 0 0 -3 0 0 0 0 0 0 0 0 0
2280 0 0 1 1 259 0 0 0 0 -4 0 0 0 0 0 0 0 0 0
2280 0 0 1 1 259 0 0 0 0 -5 0 0 0 0 0 0 0 0 0
2278 0 0 1 1 259 0 0 0 0 -4 0 0 0 0 0 0 0 0 0
2277 0 0 1 1 259 0 0 0 0 -4 0 0 0 0 0 0 0 0 0
2275 0 0 1 1 259 0 0 0 0 -2 0 0 0 0 0 0 0 0 0
2274 0 0 1 1 259 0 0 0 0 -4 0 0 0 0 0 0 0 0 0
2272 0 0 1 1 259 0 0 0 0 -2 0 0 0 0 0 0 0 0 0
2272 0 0 1 1 259 0 0 0 0 -4 0 0 0 0 0 0 0 0 0
2271 0 0 1 1 259 0 0 0 0 -2 0 0 0 0 0 0 0 0 0
2269 0 0 1 1 259 0 0 0 0 -2 0 0 0 0 0 0 0 0 0
2267 0 0 1 1 259 0 0 0 0 -1 0 0 0 0 0 0 0 0 0
2266 0 0 1 1 259 0 0 0 0 -4 0 0 0 0 0 0 0 0 0
2265 0 0 1 1 259 0 0 0 0 -5 0 0 0 0 0 0 0 0 0
2264 0 0 1 1 259 0 0 0 0 -3 0 0 0 0 0 0 0 0 0
2263 0 0 1 1 259 0 0 0 0 -2 0 0 0 0 0 0 0 0 0
2262 0 0 1 1 259 0 0 0 0 -2 0 0 0 0 0 0 0 0 0
2261 0 0 1 1 259 0 0 0 0 -4 0 0 0 0 0 0 0 0 0
2260 0 0 1 1 259 0 0 0 0 -3 0 0 0 0 0 0 0 0 0
2258 0 0 1 1 259 0 0 0 0 -2 0 0 0 0 0 0 0 0 0
2256 0 0 1 1 259 0 0 0 0 -3 0 0 0 0 0 0 0 0 0
2256 0 0 1 1 259 0 0 0 0 -1 0 0 0 0 0 0 0 0 0
2254 0 0 1 1 259 0 0 0 0 -3 0 0 0 0 0 0 0 0 0
2254 0 0 1 1 259 0 0 0 0 -2 0 0 0 0 0 0 0 0 0
2252 0 0 1 1 259 0 0 0 0 -3 0 0 0 0 0 0 0 0 0
2252 0 0 1 1 259 0 0 0 0 -3 0 0 0 0 0 0 0 0 0
2250 0 0 1 1 259 0 0 0 0 -2 0 0 0 0 0 0 0 0 0
2250 0 0 1 1 259 0 0 0 0 -2 0 0 0 0 0 0 0 0 0
2250 0 0 1 1 259 0 0 0 0 0 0 0 0 0 0 0 0 0 0
2249 0 0 1 1 259 0 0 0 0 -3 0 0 0 0 0 0 0 0 0
2246 0 0 1 1 259 0 0 0 0 -3 0 0 0 0 0 0 0 0 0
2245 0 0 1 1 259 0 0 0 0 -4 0 0 0 0 0 0 0 0 0
2246 0 0 1 1 259 0 0 0 0 -3 0 0 0 0 0 0 0 0 0
2244 0 0 1 1 259 0 0 0 0 -2 0 0 0 0 0 0 0 0 0
2243 0 0 1 1 259 0 0 0 0 -2 0 0 0 0 0 0 0 0 0
2242 0 0 1 1 259 0 0 0 0 0 0 0 0 0 0 0 0 0 0
2241 0 0 1 1 259 0 0 0 0 -2 0 0 0 0 0 0 0 0 0
2241 0 0 1 1 259 0 0 0 0 -1 0 0 0 0 0 0 0 0 0
2239 0 0 1 1 259 0 0 0 0 -2 0 0 0 0 0 0 0 0 0
2240 0 0 1 1 259 0 0 0 0 -2 0 0 0 0 0 0 0 0 0
2238 0 0 1 1 259 0 0 0 0 -1 0 0 0 0 0 0 0 0 0
2237 0 0 1 1 259 0 0 0 0 -3 0 0 0 0 0 0 0 0 0
2237 0 0 1 1 259 0 0 0 0 -1 0 0 0 0 0 0 0 0 0
2235 0 0 1 1 259 0 0 0 0 -4 0 0 0 0 0 0 0 0 0
2235 0 0 1 1 259 0 0 0 0 -1 0 0 0 0 0 0 0 0 0
2235 0 0 1 1 259 0 0 0 0 -2 0 0 0 0 0 0 0 0 0
2235 0 0 1 1 259 0 0 0 0 -1 0 0 0 0 0 0 0 0 0
2232 0 0 1 1 259 0 0 0 0 -1 0 0 0 0 0 0 0 0 0
2232 0 0 1 1 259 0 0 0 0 -2 0 0 0 0 0 0 0 0 0
2231 0 0 1 1 259 0 0 0 0 -1 0 0 0 0 0 0 0 0 0
2229 0 0 1 1 259 0 0 0 0 -1 0 0 0 0 0 0 0 0 0
2230 0 0 1 1 259 0 0 0 0 -2 0 0 0 0 0 0 0 0 0
2229 0 0 1 1 259 0 0 0 0 -2 0 0 0 0 0 0 0 0 0
2229 0 0 1 1 259 0 0 0 0 -1 0 0 0 0 0 0 0 0 0
2228 0 0 1 1 259 0 0 0 0 -1 0 0 0 0 0 0 0 0 0
2228 0 0 1 1 259 0 0 0 0 -3 0 0 0 0 0 0 0 0 0
2227 0 0 1 1 259 0 0 0 0 -3 0 0 0 0 0 0 0 0 0
2226 0 0 1 1 259 0 0 0 0 -1 0 0 0 0 0 0 0 0 0
2227 0 0 1 1 259 0 0 0 0 1 0 0 0 0 0 0 0 0 0
2224 0 0 1 1 259 0 0 0 0 -1 0 0 0 0 0 0 0 0 0
2225 0 0 1 1 259 0 0 0 0 -2 0 0 0 0 0 0 0 0 0
2223 0 0 1 1 259 0 0 0 0 -2 0 0 0 0 0 0 0 0 0
2223 0 0 1 1 259 0 0 0 0 -2 0 0 0 0 0 0 0 0 0
2223 0 0 1 1 259 0 0 0 0 -1 0 0 0 0 0 0 0 0 0
2222 0 0 1 1 259 0 0 0 0 -1 0 0 0 0 0 0 0 0 0
2222 0 0 1 1 259 0 0 0 0 -1 0 0 0 0 0 0 0 0 0
2221 0 0 1 1 259 0 0 0 0 -2 0 0 0 0 0 0 0 0 0
2221 0 0 1 1 259 0 0 0 0 -3 0 0 0 0 0 0 0 0 0
2221 0 0 1 1 259 0 0 0 0 -2 0 0 0 0 0 0 0 0 0
2219 0 0 1 1 259 0 0 0 0 -1 0 0 0 0 0 0 0 0 0
2219 0 0 1 1 259 0 0 0 0 0 0 0 0 0 0 0 0 0 0
2220 0 0 1 1 259 0 0 0 0 -1 0 0 0 0 0 0 0 0 0
2218 0 0 1 1 259 0 0 0 0 -1 0 0 0 0 0 0 0 0 0
2216 0 0 1 1 259 0 0 0 0 -1 0 0 0 0 0 0 0 0 0
2217 0 0 1 1 259 0 0 0 0 0 0 0 0 0 0 0 0 0 0
2217 0 0 1 1 259 0 0 0 0 -1 0 0 0 0 0 0 0 0 0
2217 0 0 1 1 259 0 0 0 0 -1 0 0 0 0 0 0 0 0 0
2216 0 0 1 1 259 0 0 0 0 -2 0 0 0 0 0 0 0 0 0
2215 0 0 1 1 259 0 0 0 0 -1 0 0 0 0 0 0 0 0 0
2215 0 0 1 1 259 0 0 0 0 0 0 0 0 0 0 0 0 0 0
2214 0 0 1 1 259 0 0 0 0 -1 0 0 0 0 0 0 0 0 0
2214 0 0 1 1 259 0 0 0 0 -1 0 0 0 0 0 0 0 0 0
2214 0 0 1 1 259 0 0 0 0 -2 0 0 0 0 0 0 0 0 0
2213 0 0 1 1 259 0 0 0 0 0 0 0 0 0 0 0 0 0 0
2212 0 0 1 1 259 0 0 0 0 -1 0 0 0 0 0 0 0 0 0
2211 0 0 1 1 259 0 0 0 0 -2 0 0 0 0 0 0 0 0 0
2211 0 0 1 1 259 0 0 0 0 -2 0 0 0 0 0 0 0 0 0
2211 0 0 1 1 259 0 0 0 0 0 0 0 0 0 0 0 0 0 0
2211 0 0 1 1 259 0 0 0 0 -1 0 0 0 0 0 0 0 0 0
2210 0 0 1 1 259 0 0 0 0 0 0 0 0 0 0 0 0 0 0
2210 0 0 1 1 259 0 0 0 0 -1 0 0 0 0 0 0 0 0 0
2210 0 0 1 1 259 0 0 0 0 0 0 0 0 0 0 0 0 0 0
2210 0 0 1 1 259 0 0 0 0 -1 0 0 0 0 0 0 0 0 0
2209 0 0 1 1 259 0 0 0 0 -1 0 0 0 0 0 0 0 0 0
2209 0 0 1 1 259 0 0 0 0 -2 0 0 0 0 0 0 0 0 0
2208 0 0 1 1 259 0 0 0 0 -1 0 0 0 0 0 0 0 0 0
2208 0 0 1 1 259 0 0 0 0 -1 0 0 0 0 0 0 0 0 0
2209 0 0 1 1 259 0 0 0 0 0 0 0 0 0 0 0 0 0 0
2207 0 0 1 1 259 0 0 0 0 -1 0 0 0 0 0 0 0 0 0
2207 0 0 1 1 259 0 0 0 0 0 0 0 0 0 0 0 0 0 0
2207 0 0 1 1 259 0 0 0 0 0 0 0 0 0 0 0 0 0 0
2207 0 0 1 1 259 0 0 0 0 0 0 0 0 0 0 0 0 0 0
2206 0 0 1 1 259 0 0 0 0 -1 0 0 0 0 0 0 0 0 0
2205 0 0 1 1 259 0 0 0 0 0 0 0 0 0 0 0 0 0 0
2205 0 0 1 1 259 0 0 0 0 -2 0 0 0 0 0 0 0 0 0
2206 0 0 1 1 259 0 0 0 0 -1 0 0 0 0 0 0 0 0 0
2204 0 0 1 1 259 0 0 0 0 -1 0 0 0 0 0 0 0 0 0
2205 0 0 1 1 259 0 0 0 0 1 0 0 0 0 0 0 0 0 0
2205 0 0 1 1 259 0 0 0 0 -1 0 0 0 0 0 0 0 0 0
2204 0 0 1 1 259 0 0 0 0 -1 0 0 0 0 0 0 0 0 0
2204 0 0 1 1 259 0 0 0 0 -2 0 0 0 0 0 0 0 0 0
2204 0 0 1 1 259 0 0 0 0 1 0 0 0 0 0 0 0 0 0
2202 0 0 1 1 259 0 0 0 0 0 0 0 0 0 0 0 0 0 0
2203 0 0 1 1 259 0 0 0 0 1 0 0 0 0 0 0 0 0 0
2203 0 0 1 1 259 0 0 0 0 -3 0 0 0 0 0 0 0 0 0
2202 0 0 1 1 259 0 0 0 0 -1 0 0 0 0 0 0 0 0 0
2202 0 0 1 1 259 0 0 0 0 -2 0 0 0 0 0 0 0 0 0
2203 0 0 1 1 259 0 0 0 0 1 0 0 0 0 0 0 0 0 0
2202 0 0 1 1 259 0 0 0 0 -2 0 0 0 0 0 0 0 0 0
2202 0 0 1 1 259 0 0 0 0 0 0 0 0 0 0 0 0 0 0
2202 0 0 1 1 259 0 0 0 0 0 0 0 0 0 0 0 0 0 0
2202 0 0 1 1 259 0 0 0 0 0 0 0 0 0 0 0 0 0 0
2200 0 0 1 1 259 0 0 0 0 -1 0 0 0 0 0 0 0 0 0
2201 0 0 1 1 259 0 0 0 0 -3 0 0 0 0 0 0 0 0 0
2201 0 0 1 1 259 0 0 0 0 1 0 0 0 0 0 0 0 0 0
2201 0 0 1 1 259 0 0 0 0 -1 0 0 0 0 0 0 0 0 0
2200 0 0 1 1 259 0 0 0 0 1 0 0 0 0 0 0 0 0 0
2200 0 0 1 1 259 0 0 0 0 -2 0 0 0 0 0 0 0 0 0
2199 0 0 1 1 259 0 0 0 0 0 0 0 0 0 0 0 0 0 0
2201 0 0 1 1 259 0 0 0 0 0 0 0 0 0 0 0 0 0 0
2200 0 0 1 1 259 0 0 0 0 0 0 0 0 0 0 0 0 0 0
2200 0 0 1 1 259 0 0 0 0 0 0 0 0 0 0 0 0 0 0
2198 0 0 1 1 259 0 0 0 0 -1 0 0 0 0 0 0 0 0 0
2199 0 0 1 1 259 0 0 0 0 -1 0 0 0 0 0 0 0 0 0
2198 0 0 1 1 259 0 0 0 0 0 0 0 0 0 0 0 0 0 0
2199 0 0 1 1 259 0 0 0 0 -2 0 0 0 0 0 0 0 0 0
2197 0 0 1 1 259 0 0 0 0 1 0 0 0 0 0 0 0 0 0
2198 0 0 1 1 259 0 0 0 0 -2 0 0 0 0 0 0 0 0 0
2199 0 0 1 1 259 0 0 0 0 1 0 0 0 0 0 0 0 0 0
2197 0 0 1 1 259 0 0 0 0 -3 0 0 0 0 0 0 0 0 0
2197 0 0 1 1 259 0 0 0 0 1 0 0 0 0 0 0 0 0 0
2196 0 0 1 1 259 0 0 0 0 -1 0 0 0 0 0 0 0 0 0
2198 0 0 1 1 259 0 0 0 0 1 0 0 0 0 0 0 0 0 0
2196 0 0 1 1 259 0 0 0 0 0 0 0 0 0 0 0 0 0 0
2197 0 0 1 1 259 0 0 0 0 0 0 0 0 0 0 0 0 0 0
2196 0 0 1 1 259 0 0 0 0 1 0 0 0 0 0 0 0 0 0
2196 0 0 1 1 259 0 0 0 0 -1 0 0 0 0 0 0 0 0 0
2197 0 0 1 1 259 0 0 0 0 0 0 0 0 0 0 0 0 0 0
2196 0 0 1 1 259 0 0 0 0 -2 0 0 0 0 0 0 0 0 0
2196 0 0 1 1 259 0 0 0 0 1 0 0 0 0 0 0 0 0 0
2196 0 0 1 1 259 0 0 0 0 0 0 0 0 0 0 0 0 0 0
2195 0 0 1 1 259 0 0 0 0 1 0 0 0 0 0 0 0 0 0
2196 0 0 1 1 259 0 0 0 0 -2 0 0 0 0 0 0 0 0 0
2194 0 0 1 1 259 0 0 0 0 -2 0 0 0 0 0 0 0 0 0
2196 0 0 1 1 259 0 0 0 0 -1 0 0 0 0 0 0 0 0 0
2194 0 0 1 1 259 0 0 0 0 0 0 0 0 0 0 0 0 0 0
2195 0 0 1 1 259 0 0 0 0 1 0 0 0 0 0 0 0 0 0
2193 0 0 1 1 259 0 0 0 0 1 0 0 0 0 0 0 0 0 0
2195 0 0 1 1 259 0 0 0 0 0 0 0 0 0 0 0 0 0 0
2194 0 0 1 1 259 0 0 0 0 0 0 0 0 0 0 0 0 0 0
2194 0 0 1 1 259 0 0 0 0 -2 0 0 0 0 0 0 0 0 0
2195 0 0 1 1 259 0 0 0 0 0 0 0 0 0 0 0 0 0 0
2194 0 0 1 1 259 0 0 0 0 -1 0 0 0 0 0 0 0 0 0
2195 0 0 1 1 259 0 0 0 0 0 0 0 0 0 0 0 0 0 0
2194 0 0 1 1 259 0 0 0 0 -1 0 0 0 0 0 0 0 0 0
2194 0 0 1 1 259 0 0 0 0 -1 0 0 0 0 0 0 0 0 0
2193 0 0 1 1 259 0 0 0 0 0 0 0 0 0 0 0 0 0 0
2195 0 0 1 1 259 0 0 0 0 -2 0 0 0 0 0 0 0 0 0
2194 0 0 1 1 259 0 0 0 0 -4 0 0 0 0 0 0 0 0 0
2194 0 0 1 1 259 0 0 0 0 -5 0 0 0 0 0 0 0 0 0
2193 0 0 1 1 259 0 0 0 0 -4 0 0 0 0 0 0 0 0 0
2192 0 0 1 1 259 0 0 0 0 -1 0 0 0 0 0 0 0 0 0
2193 0 0 1 0 -1 0 0 0 0 0 0 0 0 0 0 0 0 0 0
2193 0 0 1 1 -1 0 0 0 0 0 0 0 0 0 0 0 0 0 0
2193 0 0 1 1 -1 0 0 0 0 -1 0 0 0 0 0 0 0 0 0
2194 0 0 1 1 -1 0 0 0 0 0 0 0 0 0 0 0 0 0 0
2193 0 0 1 1 -1 0 0 0 0 0 0 0 0 0 0 0 0 0 0
2193 0 0 1 1 -1 0 0 0 0 1 0 0 0 0 0 0 0 0 0
2192 0 0 1 1 -1 0 0 0 0 0 0 0 0 0 0 0 0 0 0
2193 0 0 1 1 -1 0 0 0 0 1 0 0 0 0 0 0 0 0 0
2192 0 0 1 1 -1 0 0 0 0 0 0 0 0 0 0 0 0 0 0
2192 0 0 1 1 -1 0 0 0 0 0 0 0 0 0 0 0 0 0 0
2192 0 0 1 1 -1 0 0 0 0 -1 0 0 0 0 0 0 0 0 0
2191 0 0 1 1 -1 0 0 0 0 0 0 0 0 0 0 0 0 0 0
2192 0 0 1 1 -1 0 0 0 0 0 0 0 0 0 0 0 0 0 0
2190 0 0 1 1 -1 0 0 0 0 1 0 0 0 0 0 0 0 0 0
2187 0 0 1 1 -1 0 0 0 0 -1 0 0 0 0 0 0 0 0 0
2187 0 0 1 1 -1 0 0 0 0 -1 0 0 0 0 0 0 0 0 0
2186 0 0 1 1 -1 0 0 0 0 -1 0 0 0 0 0 0 0 0 0
2186 0 0 1 1 -1 0 0 0 0 1 0 0 0 0 0 0 0 0 0
2187 0 0 1 1 -1 0 0 0 0 0 0 0 0 0 0 0 0 0 0
2186 0 0 1 1 -1 0 0 0 0 0 0 0 0 0 0 0 0 0 0
2185 0 0 1 1 -1 0 0 0 0 -1 0 0 0 0 0 0 0 0 0
2187 0 0 1 1 -1 0 0 0 0 1 0 0 0 0 0 0 0 0 0
2186 0 0 1 1 -1 0 0 0 0 0 0 0 0 0 0 0 0 0 0
2186 0 0 1 1 -1 0 0 0 0 1 0 0 0 0 0 0 0 0 0
2187 0 0 1 1 -1 0 0 0 0 -1 0 0 0 0 0 0 0 0 0
2187 0 0 1 1 -1 0 0 0 0 0 0 0 0 0 0 0 0 0 0
2186 0 0 1 1 -1 0 0 0 0 -1 0 0 0 0 0 0 0 0 0
2187 0 0 1 1 -1 0 0 0 0 0 0 0 0 0 0 0 0 0 0
2186 0 0 1 1 -1 0 0 0 0 0 0 0 0 0 0 0 0 0 0
2186 0 0 1 1 -1 0 0 0 0 1 0 0 0 0 0 0 0 0 0
2187 0 0 1 1 -1 0 0 0 0 -1 0 0 0 0 0 0 0 0 0
2187 0 0 1 1 -1 0 0 0 0 -1 0 0 0 0 0 0 0 0 0
2185 0 0 1 1 -1 0 0 0 0 0 0 0 0 0 0 0 0 0 0
2186 0 0 1 1 -1 0 0 0 0 2 0 0 0 0 0 0 0 0 0
2186 0 0 1 1 -1 0 0 0 0 0 0 0 0 0 0 0 0 0 0
2186 0 0 1 1 -1 0 0 0 0 -1 0 0 0 0 0 0 0 0 0
2186 0 0 1 1 -1 0 0 0 0 -1 0 0 0 0 0 0 0 0 0
2186 0 0 1 1 -1 0 0 0 0 1 0 0 0 0 0 0 0 0 0
2185 0 0 1 1 -1 0 0 0 0 2 0 0 0 0 0 0 0 0 0
2187 0 0 1 1 -1 0 0 0 0 0 0 0 0 0 0 0 0 0 0
2186 0 0 1 1 -1 0 0 0 0 0 0 0 0 0 0 0 0 0 0
2186 0 0 1 1 -1 0 0 0 0 0 0 0 0 0 0 0 0 0 0
2186 0 0 0 1 -1 0 0 0 0 1 0 0 0 0 0 0 0 0 0
2186 0 0 0 1 -1 0 0 0 0 1 0 0 0 0 0 0 0 0 0
2185 0 1 0 1 -1 0 0 0 0 -2 0 0 0 0 0 0 0 0 0
2186 0 0 0 1 -1 0 0 0 0 -1 0 0 0 0 0 0 0 0 0
2186 0 0 0 1 -1 0 0 0 0 -1 0 0 0 0 0 0 0 0 0
2186 0 0 0 1 -1 0 0 0 0 1 0 0 0 0 0 0 0 0 0
2185 0 0 0 1 -1 0 0 0 0 0 0 0 0 0 0 0 0 0 0
2185 0 0 0 1 -1 0 0 0 0 0 0 0 0 0 0 0 0 0 0
2186 0 0 0 1 -1 0 0 0 0 0 0 0 0 0 0 0 0 0 0
2187 0 0 0 1 -1 0 0 0 0 1 0 0 0 0 0 0 0 0 0
2185 0 0 0 1 -1 0 0 0 0 0 0 0 0 0 0 0 0 0 0
2185 0 0 0 1 -1 0 0 0 0 -1 0 0 0 0 0 0 0 0 0
2186 0 0 0 1 -1 0 0 0 0 -1 0 0 0 0 0 0 0 0 0
2186 0 0 0 1 -1 0 0 0 0 1 0 0 0 0 0 0 0 0 0
2187 0 0 0 1 -1 0 0 0 0 0 0 0 0 0 0 0 0 0 0
2186 0 0 0 1 -1 0 0 0 0 0 0 0 0 0 0 0 0 0 0
2186 0 0 0 1 -1 0 0 0 0 -1 0 0 0 0 0 0 0 0 0
2187 0 0 0 1 -1 0 0 0 0 2 0 0 0 0 0 0 0 0 0
2187 0 0 0 1 -1 0 0 0 0 -1 0 0 0 0 0 0 0 0 0
2187 0 0 0 1 -1 0 0 0 0 0 0 0 0 0 0 0 0 0 0
2185 0 0 0 1 -1 0 0 0 0 -1 0 0 0 0 0 0 0 0 0
2186 0 0 0 1 -1 0 0 0 0 2 0 0 0 0 0 0 0 0 0
2186 0 0 0 1 -1 0 0 0 0 1 0 0 0 0 0 0 0 0 0
2186 0 0 0 1 -1 0 0 0 0 -1 0 0 0 0 0 0 0 0 0
2186 0 0 0 1 -1 0 0 0 0 -1 0 0 0 0 0 0 0 0 0
2186 0 0 0 1 -1 0 0 0 0 0 0 0 0 0 0 0 0 0 0
2186 0 0 0 1 -1 0 0 0 0 1 0 0 0 0 0 0 0 0 0
2187 0 0 0 1 -1 0 0 0 0 1 0 0 0 0 0 0 0 0 0
2186 0 0 0 1 -1 0 0 0 0 -1 0 0 0 0 0 0 0 0 0
2185 0 0 0 1 -1 0 0 0 0 -1 0 0 0 0 0 0 0 0 0
2186 0 0 0 1 -1 0 0 0 0 -1 0 0 0 0 0 0 0 0 0
2187 0 0 0 1 -1 0 0 0 0 0 0 0 0 0 0 0 0 0 0
2185 0 0 0 1 -1 0 0 0 0 1 0 0 0 0 0 0 0 0 0
2186 0 0 0 1 -1 0 0 0 0 0 0 0 0 0 0 0 0 0 0
2186 0 0 0 1 -1 0 0 0 0 0 0 0 0 0 0 0 0 0 0
2187 0 0 0 1 -1 0 0 0 0 2 0 0 0 0 0 0 0 0 0
2185 0 0 0 1 -1 0 0 0 0 0 0 0 0 0 0 0 0 0 0
2186 0 0 0 1 -1 0 0 0 0 0 0 0 0 0 0 0 0 0 0
2186 0 0 0 1 -1 0 0 0 0 -2 0 0 0 0 0 0 0 0 0
2187 0 0 0 1 -1 0 0 0 0 -1 0 0 0 0 0 0 0 0 0
2187 0 0 0 1 -1 0 0 0 0 1 0 0 0 0 0 0 0 0 0
2185 0 0 0 1 -1 0 0 0 0 0 0 0 0 0 0 0 0 0 0
2186 0 0 0 1 -1 0 0 0 0 1 0 0 0 0 0 0 0 0 0
2187 0 0 0 1 -1 0 0 0 0 0 0 0 0 0 0 0 0 0 0
2186 0 0 0 1 -1 0 0 0 0 0 0 0 0 0 0 0 0 0 0
2187 0 0 0 1 -1 0 0 0 0 0 0 0 0 0 0 0 0 0 0
2186 0 0 0 1 -1 0 0 0 0 -1 0 0 0 0 0 0 0 0 0
2185 0 0 0 1 -1 0 0 0 0 0 0 0 0 0 0 0 0 0 0
2186 0 0 0 1 -1 0 0 0 0 0 0 0 0 0 0 0 0 0 0
2186 0 0 0 1 -1 0 0 0 0 1 0 0 0 0 0 0 0 0 0
2186 0 0 0 1 -1 0 0 0 0 0 0 0 0 0 0 0 0 0 0
2186 0 0 0 1 -1 0 0 0 0 0 0 0 0 0 0 0 0 0 0
2186 0 0 0 1 -1 0 0 0 0 -2 0 0 0 0 0 0 0 0 0
2188 0 0 0 1 -1 0 0 0 0 0 0 0 0 0 0 0 0 0 0
2186 0 0 0 1 -1 0 0 0 0 0 0 0 0 0 0 0 0 0 0
2186 0 0 0 1 -1 0 0 0 0 2 0 0 0 0 0 0 0 0 0
2186 0 0 0 1 -1 0 0 0 0 0 0 0 0 0 0 0 0 0 0
2185 0 0 0 1 -1 0 0 0 0 1 0 0 0 0 0 0 0 0 0
2187 0 0 0 1 -1 0 0 0 0 -1 0 0 0 0 0 0 0 0 0
2186 0 0 0 1 -1 0 0 0 0 0 0 0 0 0 0 0 0 0 0
2186 0 0 0 1 -1 0 0 0 0 -1 0 0 0 0 0 0 0 0 0
2187 0 0 0 1 -1 0 0 0 0 0 0 0 0 0 0 0 0 0 0
2186 0 0 0 1 -1 0 0 0 0 0 0 0 0 0 0 0 0 0 0
2186 0 0 0 1 -1 0 0 0 0 0 0 0 0 0 0 0 0 0 0
2186 0 0 0 1 -1 0 0 0 0 -1 0 0 0 0 0 0 0 0 0
2186 0 0 0 1 -1 0 0 0 0 0 0 0 0 0 0 0 0 0 0
2186 0 0 0 1 -1 0 0 0 0 0 0 0 0 0 0 0 0 0 0
2187 0 0 0 1 -1 0 0 0 0 1 0 0 0 0 0 0 0 0 0
2186 0 0 0 1 -1 0 0 0 0 1 0 0 0 0 0 0 0 0 0
2186 0 0 0 1 -1 0 0 0 0 1 0 0 0 0 0 0 0 0 0
2185 0 0 0 1 -1 0 0 0 0 0 0 0 0 0 0 0 0 0 0
2186 0 0 0 1 -1 0 0 0 0 -1 0 0 0 0 0 0 0 0 0
2186 0 0 0 1 -1 0 0 0 0 -1 0 0 0 0 0 0 0 0 0
2187 0 0 0 1 -1 0 0 0 0 0 0 0 0 0 0 0 0 0 0
2186 0 0 0 1 -1 0 0 0 0 0 0 0 0 0 0 0 0 0 0
2187 0 0 0 1 -1 0 0 0 0 1 0 0 0 0 0 0 0 0 0
2186 0 0 0 1 -1 0 0 0 0 1 0 0 0 0 0 0 0 0 0
2186 0 0 0 1 -1 0 0 0 0 0 0 0 0 0 0 0 0 0 0
2186 0 0 0 1 -1 0 0 0 0 -1 0 0 0 0 0 0 0 0 0
2186 0 0 0 1 -1 0 0 0 0 -1 0 0 0 0 0 0 0 0 0
2186 0 0 0 1 -1 0 0 0 0 0 0 0 0 0 0 0 0 0 0
2186 0 0 0 1 -1 0 0 0 0 0 0 0 0 0 0 0 0 0 0
2185 0 0 0 1 -1 0 0 0 0 0 0 0 0 0 0 0 0 0 0
2186 0 0 0 1 -1 0 0 0 0 0 0 0 0 0 0 0 0 0 0
2186 0 0 0 1 -1 0 0 0 0 0 0 0 0 0 0 0 0 0 0
2186 0 0 0 1 -1 0 0 0 0 0 0 0 0 0 0 0 0 0 0
2187 0 0 0 1 -1 0 0 0 0 1 0 0 0 0 0 0 0 0 0
2187 0 0 0 1 -1 0 0 0 0 -1 0 0 0 0 0 0 0 0 0
2186 0 0 0 1 -1 0 0 0 0 1 0 0 0 0 0 0 0 0 0
2186 0 0 0 1 -1 0 0 0 0 -1 0 0 0 0 0 0 0 0 0
2186 0 0 0 1 -1 0 0 0 0 2 0 0 0 0 0 0 0 0 0
2186 0 0 0 1 -1 0 0 0 0 0 0 0 0 0 0 0 0 0 0
2186 0 0 0 1 -1 0 0 0 0 0 0 0 0 0 0 0 0 0 0
2187 0 0 0 1 -1 0 0 0 0 0 0 0 0 0 0 0 0 0 0
2187 0 0 0 1 -1 0 0 0 0 0 0 0 0 0 0 0 0 0 0
2186 0 0 0 1 -1 0 0 0 0 0 0 0 0 0 0 0 0 0 0
2186 0 0 0 1 -1 0 0 0 0 -1 0 0 0 0 0 0 0 0 0
2186 0 0 0 1 -1 0 0 0 0 0 0 0 0 0 0 0 0 0 0
2186 0 0 0 1 -1 0 0 0 0 0 0 0 0 0 0 0 0 0 0
2186 0 0 0 1 -1 0 0 0 0 0 0 0 0 0 0 0 0 0 0
2186 0 0 0 1 -1 0 0 0 0 0 0 0 0 0 0 0 0 0 0
2186 0 0 0 1 -1 0 0 0 0 0 0 0 0 0 0 0 0 0 0
2186 0 0 0 1 -1 0 0 0 0 1 0 0 0 0 0 0 0 0 0
2186 0 0 0 1 -1 0 0 0 0 -2 0 0 0 0 0 0 0 0 0
2187 0 0 0 1 -1 0 0 0 0 0 0 0 0 0 0 0 0 0 0
2185 0 0 0 1 -1 0 0 0 0 0 0 0 0 0 0 0 0 0 0
2187 0 0 0 1 -1 0 0 0 0 2 0 0 0 0 0 0 0 0 0
2186 0 0 0 1 -1 0 0 0 0 -1 0 0 0 0 0 0 0 0 0
2187 0 0 0 1 -1 0 0 0 0 0 0 0 0 0 0 0 0 0 0
2187 0 0 0 1 -1 0 0 0 0 0 0 0 0 0 0 0 0 0 0
2186 0 0 0 1 -1 0 0 0 0 0 0 0 0 0 0 0 0 0 0
2187 0 0 0 1 -1 0 0 0 0 0 0 0 0 0 0 0 0 0 0
2187 0 0 0 1 -1 0 0 0 0 -1 0 0 0 0 0 0 0 0 0
2186 0 0 0 1 -1 0 0 0 0 2 0 0 0 0 0 0 0 0 0
2186 0 0 0 1 -1 0 0 0 0 -1 0 0 0 0 0 0 0 0 0
2187 0 0 0 1 -1 0 0 0 0 0 0 0 0 0 0 0 0 0 0
2186 0 0 0 1 -1 0 0 0 0 -2 0 0 0 0 0 0 0 0 0
2186 0 0 0 1 -1 0 0 0 0 0 0 0 0 0 0 0 0 0 0
2187 0 0 0 1 -1 0 0 0 0 -1 0 0 0 0 0 0 0 0 0
2186 0 0 0 1 -1 0 0 0 0 1 0 0 0 0 0 0 0 0 0
2187 0 0 0 1 -1 0 0 0 0 0 0 0 0 0 0 0 0 0 0
2185 0 0 0 1 -1 0 0 0 0 2 0 0 0 0 0 0 0 0 0
2186 0 0 0 1 -1 0 0 0 0 -1 0 0 0 0 0 0 0 0 0
2187 0 0 0 1 -1 0 0 0 0 0 0 0 0 0 0 0 0 0 0
2187 0 0 0 1 -1 0 0 0 0 0 0 0 0 0 0 0 0 0 0
2185 0 0 0 1 -1 0 0 0 0 2 0 0 0 0 0 0 0 0 0
2187 0 0 0 1 -1 0 0 0 0 0 0 0 0 0 0 0 0 0 0
2187 0 0 0 1 -1 0 0 0 0 -1 0 0 0 0 0 0 0 0 0
2185 0 0 0 1 -1 0 0 0 0 -1 0 0 0 0 0 0 0 0 0
2187 0 0 0 1 -1 0 0 0 0 1 0 0 0 0 0 0 0 0 0
2186 0 0 0 1 -1 0 0 0 0 1 0 0 0 0 0 0 0 0 0
2187 0 0 0 1 -1 0 0 0 0 1 0 0 0 0 0 0 0 0 0
2186 0 0 0 1 -1 0 0 0 0 0 0 0 0 0 0 0 0 0 0
2186 0 0 0 1 -1 0 0 0 0 -1 0 0 0 0 0 0 0 0 0
2185 0 0 0 1 -1 0 0 0 0 -1 0 0 0 0 0 0 0 0 0
2186 0 0 0 1 -1 0 0 0 0 0 0 0 0 0 0 0 0 0 0
2185 0 0 0 1 -1 0 0 0 0 1 0 0 0 0 0 0 0 0 0
2186 0 0 0 1 -1 0 0 0 0 0 0 0 0 0 0 0 0 0 0
2186 0 0 0 1 -1 0 0 0 0 0 0 0 0 0 0 0 0 0 0
2187 0 0 0 1 -1 0 0 0 0 -1 0 0 0 0 0 0 0 0 0
2185 0 0 0 1 -1 0 0 0 0 0 0 0 0 0 0 0 0 0 0
2186 0 0 0 1 -1 0 0 0 0 0 0 0 0 0 0 0 0 0 0
2187 0 0 0 1 -1 0 0 0 0 0 0 0 0 0 0 0 0 0 0
2187 0 0 0 1 -1 0 0 0 0 0 0 0 0 0 0 0 0 0 0
2186 0 0 0 1 -1 0 0 0 0 0 0 0 0 0 0 0 0 0 0
2186 0 0 0 1 -1 0 0 0 0 0 0 0 0 0 0 0 0 0 0
2186 0 0 0 1 -1 0 0 0 0 1 0 0 0 0 0 0 0 0 0
2187 0 0 0 1 -1 0 0 0 0 -1 0 0 0 0 0 0 0 0 0
2187 0 0 0 1 -1 0 0 0 0 0 0 0 0 0 0 0 0 0 0
2187 0 0 0 1 -1 0 0 0 0 -1 0 0 0 0 0 0 0 0 0
2187 0 0 0 1 -1 0 0 0 0 0 0 0 0 0 0 0 0 0 0
2186 0 0 0 1 -1 0 0 0 0 0 0 0 0 0 0 0 0 0 0
2186 0 0 0 1 -1 0 0 0 0 0 0 0 0 0 0 0 0 0 0
2187 0 0 0 1 -1 0 0 0 0 -1 0 0 0 0 0 0 0 0 0
2187 0 0 0 1 -1 0 0 0 0 0 0 0 0 0 0 0 0 0 0
2186 0 0 0 1 -1 0 0 0 0 1 0 0 0 0 0 0 0 0 0
2187 0 0 0 1 -1 0 0 0 0 0 0 0 0 0 0 0 0 0 0
2186 0 0 0 1 -1 0 0 0 0 1 0 0 0 0 0 0 0 0 0
2186 0 0 0 1 -1 0 0 0 0 0 0 0 0 0 0 0 0 0 0
2187 0 0 0 1 -1 0 0 0 0 2 0 0 0 0 0 0 0 0 0
2186 0 0 0 1 -1 0 0 0 0 0 0 0 0 0 0 0 0 0 0
2186 0 0 0 1 -1 0 0 0 0 0 0 0 0 0 0 0 0 0 0
2187 0 0 0 1 -1 0 0 0 0 -1 0 0 0 0 0 0 0 0 0
2186 0 0 0 1 -1 0 0 0 0 -1 0 0 0 0 0 0 0 0 0
2187 0 0 0 1 -1 0 0 0 0 0 0 0 0 0 0 0 0 0 0
2186 0 0 0 1 -1 0 0 0 0 0 0 0 0 0 0 0 0 0 0
2186 0 0 0 1 -1 0 0 0 0 0 0 0 0 0 0 0 0 0 0
2186 0 0 0 1 -1 0 0 0 0 -1 0 0 0 0 0 0 0 0 0
2186 0 0 0 1 -1 0 0 0 0 1 0 0 0 0 0 0 0 0 0
2186 0 0 0 1 -1 0 0 0 0 1 0 0 0 0 0 0 0 0 0
2186 0 0 0 1 -1 0 0 0 0 0 0 0 0 0 0 0 0 0 0
2185 0 0 0 1 -1 0 0 0 0 0 0 0 0 0 0 0 0 0 0
2186 0 0 0 1 -1 0 0 0 0 -1 0 0 0 0 0 0 0 0 0
2187 0 0 0 1 -1 0 0 0 0 0 0 0 0 0 0 0 0 0 0
2185 0 0 0 1 -1 0 0 0 0 -1 0 0 0 0 0 0 0 0 0
2187 0 0 0 1 -1 0 0 0 0 0 0 0 0 0 0 0 0 0 0
2187 0 0 0 1 -1 0 0 0 0 0 0 0 0 0 0 0 0 0 0
2187 0 0 0 1 -1 0 0 0 0 0 0 0 0 0 0 0 0 0 0
2187 0 0 0 1 -1 0 0 0 0 0 0 0 0 0 0 0 0 0 0
2187 0 0 0 1 -1 0 0 0 0 0 0 0 0 0 0 0 0 0 0
2186 0 0 0 1 -1 0 0 0 0 0 0 0 0 0 0 0 0 0 0
2186 0 0 0 1 -1 0 0 0 0 0 0 0 0 0 0 0 0 0 0
2187 0 0 0 1 -1 0 0 0 0 1 0 0 0 0 0 0 0 0 0
2186 0 0 0 1 -1 0 0 0 0 0 0 0 0 0 0 0 0 0 0
2186 0 0 0 1 -1 0 0 0 0 0 0 0 0 0 0 0 0 0 0
2186 0 0 0 1 -1 0 0 0 0 -1 0 0 0 0 0 0 0 0 0
2187 0 0 0 1 -1 0 0 0 0 0 0 0 0 0 0 0 0 0 0
2187 0 0 0 1 -1 0 0 0 0 0 0 0 0 0 0 0 0 0 0
2186 0 0 0 1 -1 0 0 0 0 0 0 0 0 0 0 0 0 0 0
2187 0 0 0 1 -1 0 0 0 0 0 0 0 0 0 0 0 0 0 0
2186 0 0 0 1 -1 0 0 0 0 0 0 0 0 0 0 0 0 0 0
2186 0 0 0 1 -1 0 0 0 0 0 0 0 0 0 0 0 0 0 0
2186 0 0 0 1 -1 0 0 0 0 0 0 0 0 0 0 0 0 0 0
2186 0 0 0 1 -1 0 0 0 0 0 0 0 0 0 0 0 0 0 0
2186 0 0 0 1 -1 0 0 0 0 0 0 0 0 0 0 0 0 0 0
2186 0 0 0 1 -1 0 0 0 0 0 0 0 0 0 0 0 0 0 0
2186 0 0 0 1 -1 0 0 0 0 0 0 0 0 0 0 0 0 0 0
2186 0 0 0 1 -1 0 0 0 0 0 0 0 0 0 0 0 0 0 0
2186 0 0 0 1 -1 0 0 0 0 0 0 0 0 0 0 0 0 0 0
2186 0 0 0 1 -1 0 0 0 0 0 0 0 0 0 0 0 0 0 0
2187 0 0 0 1 -1 0 0 0 0 0 0 0 0 0 0 0 0 0 0
2186 0 0 0 1 -1 0 0 0 0 0 0 0 0 0 0 0 0 0 0
2186 0 0 0 1 -1 0 0 0 0 0 0 0 0 0 0 0 0 0 0
2186 0 0 0 1 -1 0 0 0 0 1 0 0 0 0 0 0 0 0 0
2186 0 0 0 1 -1 0 0 0 0 -1 0 0 0 0 0 0 0 0 0
2186 0 0 0 1 -1 0 0 0 0 0 0 0 0 0 0 0 0 0 0
2186 0 0 0 1 -1 0 0 0 0 -1 0 0 0 0 0 0 0 0 0
2186 0 0 0 1 -1 0 0 0 0 1 0 0 0 0 0 0 0 0 0
2186 0 0 0 1 -1 0 0 0 0 0 0 0 0 0 0 0 0 0 0
2186 0 0 0 1 -1 0 0 0 0 0 0 0 0 0 0 0 0 0 0
2186 0 0 0 1 -1 0 0 0 0 0 0 0 0 0 0 0 0 0 0
2186 0 0 0 1 -1 0 0 0 0 1 0 0 0 0 0 0 0 0 0
2186 0 0 0 1 -1 0 0 0 0 0 0 0 0 0 0 0 0 0 0
2186 0 0 0 1 -1 0 0 0 0 0 0 0 0 0 0 0 0 0 0
2186 0 0 0 1 -1 0 0 0 0 -1 0 0 0 0 0 0 0 0 0
2186 0 0 0 1 -1 0 0 0 0 0 0 0 0 0 0 0 0 0 0
2186 0 0 0 1 -1 0 0 0 0 0 0 0 0 0 0 0 0 0 0
2186 0 0 0 1 -1 0 0 0 0 0 0 0 0 0 0 0 0 0 0
2186 0 0 0 1 -1 0 0 0 0 0 0 0 0 0 0 0 0 0 0
2186 0 0 0 1 -1 0 0 0 0 -1 0 0 0 0 0 0 0 0 0
2186 0 0 0 1 -1 0 0 0 0 0 0 0 0 0 0 0 0 0 0
2187 0 0 0 1 -1 0 0 0 0 1 0 0 0 0 0 0 0 0 0
2185 0 0 0 1 -1 0 0 0 0 1 0 0 0 0 0 0 0 0 0
2186 0 0 0 1 -1 0 0 0 0 1 0 0 0 0 0 0 0 0 0
2186 0 0 0 1 -1 0 0 0 0 -1 0 0 0 0 0 0 0 0 0
2186 0 0 0 1 -1 0 0 0 0 0 0 0 0 0 0 0 0 0 0
2186 0 0 0 1 -1 0 0 0 0 0 0 0 0 0 0 0 0 0 0
2186 0 0 0 1 -1 0 0 0 0 0 0 0 0 0 0 0 0 0 0
2186 0 0 0 1 -1 0 0 0 0 1 0 0 0 0 0 0 0 0 0
2187 0 0 0 1 -1 0 0 0 0 -1 0 0 0 0 0 0 0 0 0
2186 0 0 0 1 -1 0 0 0 0 0 0 0 0 0 0 0 0 0 0
2186 0 0 0 1 -1 0 0 0 0 0 0 0 0 0 0 0 0 0 0
2186 0 0 0 1 -1 0 0 0 0 0 0 0 0 0 0 0 0 0 0
2186 0 0 0 1 -1 0 0 0 0 0 0 0 0 0 0 0 0 0 0
2186 0 0 0 1 -1 0 0 0 0 0 0 0 0 0 0 0 0 0 0
2186 0 0 0 1 -1 0 0 0 0 0 0 0 0 0 0 0 0 0 0
2186 0 0 0 1 -1 0 0 0 0 0 0 0 0 0 0 0 0 0 0
2185 0 0 0 1 -1 0 0 0 0 -1 0 0 0 0 0 0 0 0 0
2186 0 0 0 1 -1 0 0 0 0 0 0 0 0 0 0 0 0 0 0
2187 0 0 0 1 -1 0 0 0 0 0 0 0 0 0 0 0 0 0 0
2186 0 0 0 1 -1 0 0 0 0 1 0 0 0 0 0 0 0 0 0
2187 0 0 0 1 -1 0 0 0 0 0 0 0 0 0 0 0 0 0 0
2186 0 0 0 1 -1 0 0 0 0 1 0 0 0 0 0 0 0 0 0
2186 0 0 0 1 -1 0 0 0 0 -1 0 0 0 0 0 0 0 0 0
2187 0 0 0 1 -1 0 0 0 0 -1 0 0 0 0 0 0 0 0 0
2186 0 0 0 1 -1 0 0 0 0 -1 0 0 0 0 0 0 0 0 0
2187 0 0 0 1 -1 0 0 0 0 0 0 0 0 0 0 0 0 0 0
2186 0 0 0 1 -1 0 0 0 0 1 0 0 0 0 0 0 0 0 0
2186 0 0 0 1 -1 0 0 0 0 1 0 0 0 0 0 0 0 0 0
2187 0 0 0 1 -1 0 0 0 0 0 0 0 0 0 0 0 0 0 0
2186 0 0 0 1 -1 0 0 0 0 0 0 0 0 0 0 0 0 0 0
2186 0 0 0 1 -1 0 0 0 0 -1 0 0 0 0 0 0 0 0 0
2187 0 0 0 1 -1 0 0 0 0 1 0 0 0 0 0 0 0 0 0
2186 0 0 0 1 -1 0 0 0 0 0 0 0 0 0 0 0 0 0 0
2186 0 0 0 1 -1 0 0 0 0 1 0 0 0 0 0 0 0 0 0
2186 0 0 0 1 -1 0 0 0 0 0 0 0 0 0 0 0 0 0 0
2186 0 0 0 1 -1 0 0 0 0 1 0 0 0 0 0 0 0 0 0
2186 0 0 0 1 -1 0 0 0 0 -1 0 0 0 0 0 0 0 0 0
2187 0 0 0 1 -1 0 0 0 0 -1 0 0 0 0 0 0 0 0 0
2186 0 0 0 1 -1 0 0 0 0 0 0 0 0 0 0 0 0 0 0
2187 0 0 0 1 -1 0 0 0 0 0 0 0 0 0 0 0 0 0 0
2186 0 0 0 1 -1 0 0 0 0 0 0 0 0 0 0 0 0 0 0
2185 0 0 0 1 -1 0 0 0 0 0 0 0 0 0 0 0 0 0 0
2186 0 0 0 1 -1 0 0 0 0 0 0 0 0 0 0 0 0 0 0
2186 0 0 0 1 -1 0 0 0 0 0 0 0 0 0 0 0 0 0 0
2186 0 0 0 1 -1 0 0 0 0 0 0 0 0 0 0 0 0 0 0
2187 0 0 0 1 -1 0 0 0 0 0 0 0 0 0 0 0 0 0 0
2186 0 0 0 1 -1 0 0 0 0 0 0 0 0 0 0 0 0 0 0
2186 0 0 0 1 -1 0 0 0 0 -1 0 0 0 0 0 0 0 0 0
2186 0 0 0 1 -1 0 0 0 0 0 0 0 0 0 0 0 0 0 0
2187 0 0 0 1 -1 0 0 0 0 0 0 0 0 0 0 0 0 0 0
2186 0 0 0 1 -1 0 0 0 0 0 0 0 0 0 0 0 0 0 0
2187 0 0 0 1 -1 0 0 0 0 0 0 0 0 0 0 0 0 0 0
2187 0 0 0 1 -1 0 0 0 0 0 0 0 0 0 0 0 0 0 0
2187 0 0 0 1 -1 0 0 0 0 0 0 0 0 0 0 0 0 0 0
2186 0 0 0 1 -1 0 0 0 0 0 0 0 0 0 0 0 0 0 0
2186 0 0 0 1 -1 0 0 0 0 0 0 0 0 0 0 0 0 0 0
2187 0 0 0 1 -1 0 0 0 0 0 0 0 0 0 0 0 0 0 0
2186 0 0 0 1 -1 0 0 0 0 0 0 0 0 0 0 0 0 0 0
2186 0 0 0 1 -1 0 0 0 0 0 0 0 0 0 0 0 0 0 0
2187 0 0 0 1 -1 0 0 0 0 0 0 0 0 0 0 0 0 0 0
2186 0 0 0 1 -1 0 0 0 0 0 0 0 0 0 0 0 0 0 0
2186 0 0 0 1 -1 0 0 0 0 -1 0 0 0 0 0 0 0 0 0
2187 0 0 0 1 -1 0 0 0 0 0 0 0 0 0 0 0 0 0 0
2186 0 0 0 1 -1 0 0 0 0 0 0 0 0 0 0 0 0 0 0
2186 0 0 0 1 -1 0 0 0 0 0 0 0 0 0 0 0 0 0 0
2186 0 0 0 1 -1 0 0 0 0 0 0 0 0 0 0 0 0 0 0
2186 0 0 0 1 -1 0 0 0 0 1 0 0 0 0 0 0 0 0 0
2186 0 0 0 1 -1 0 0 0 0 1 0 0 0 0 0 0 0 0 0
2186 0 0 0 1 -1 0 0 0 0 0 0 0 0 0 0 0 0 0 0
2186 0 0 0 1 -1 0 0 0 0 -1 0 0 0 0 0 0 0 0 0
2186 0 0 0 1 -1 0 0 0 0 1 0 0 0 0 0 0 0 0 0
2186 0 0 0 1 -1 0 0 0 0 1 0 0 0 0 0 0 0 0 0
2186 0 0 0 1 -1 0 0 0 0 0 0 0 0 0 0 0 0 0 0
2186 0 0 0 1 -1 0 0 0 0 -1 0 0 0 0 0 0 0 0 0
2186 0 0 0 1 -1 0 0 0 0 -1 0 0 0 0 0 0 0 0 0
2186 0 0 0 1 -1 0 0 0 0 1 0 0 0 0 0 0 0 0 0
2186 0 0 0 1 -1 0 0 0 0 0 0 0 0 0 0 0 0 0 0
2186 0 0 0 1 -1 0 0 0 0 1 0 0 0 0 0 0 0 0 0
2186 0 0 0 1 -1 0 0 0 0 0 0 0 0 0 0 0 0 0 0
2185 0 0 0 1 -1 0 0 0 0 0 0 0 0 0 0 0 0 0 0
2186 0 0 0 1 -1 0 0 0 0 -1 0 0 0 0 0 0 0 0 0
2186 0 0 0 1 -1 0 0 0 0 -1 0 0 0 0 0 0 0 0 0
2185 0 0 0 1 -1 0 0 0 0 1 0 0 0 0 0 0 0 0 0
2186 0 0 0 1 -1 0 0 0 0 0 0 0 0 0 0 0 0 0 0
2187 0 0 0 1 -1 0 0 0 0 0 0 0 0 0 0 0 0 0 0
2186 0 0 0 1 -1 0 0 0 0 -1 0 0 0 0 0 0 0 0 0
2186 0 0 0 1 -1 0 0 0 0 0 0 0 0 0 0 0 0 0 0
2186 0 0 0 1 -1 0 0 0 0 0 0 0 0 0 0 0 0 0 0
2187 0 0 0 1 -1 0 0 0 0 1 0 0 0 0 0 0 0 0 0
2187 0 0 0 1 -1 0 0 0 0 0 0 0 0 0 0 0 0 0 0
2186 0 0 0 1 -1 0 0 0 0 0 0 0 0 0 0 0 0 0 0
2186 0 0 0 1 -1 0 0 0 0 0 0 0 0 0 0 0 0 0 0
2186 0 0 0 1 -1 0 0 0 0 0 0 0 0 0 0 0 0 0 0
2187 0 0 0 1 -1 0 0 0 0 0 0 0 0 0 0 0 0 0 0
2186 0 0 0 1 -1 0 0 0 0 -1 0 0 0 0 0 0 0 0 0
2187 0 0 0 1 -1 0 0 0 0 0 0 0 0 0 0 0 0 0 0
2187 0 0 0 1 -1 0 0 0 0 0 0 0 0 0 0 0 0 0 0
2186 0 0 0 1 -1 0 0 0 0 0 0 0 0 0 0 0 0 0 0
2186 0 0 0 1 -1 0 0 0 0 0 0 0 0 0 0 0 0 0 0
2186 0 0 0 1 -1 0 0 0 0 0 0 0 0 0 0 0 0 0 0
2187 0 0 0 1 -1 0 0 0 0 0 0 0 0 0 0 0 0 0 0
2186 0 0 0 1 -1 0 0 0 0 0 0 0 0 0 0 0 0 0 0
2186 0 0 0 1 -1 0 0 0 0 0 0 0 0 0 0 0 0 0 0
2186 0 0 0 1 -1 0 0 0 0 0 0 0 0 0 0 0 0 0 0
2186 0 0 0 1 -1 0 0 0 0 0 0 0 0 0 0 0 0 0 0
2186 0 0 0 1 -1 0 0 0 0 0 0 0 0 0 0 0 0 0 0
2187 0 0 0 1 -1 0 0 0 0 1 0 0 0 0 0 0 0 0 0
2186 0 0 0 1 -1 0 0 0 0 1 0 0 0 0 0 0 0 0 0
2186 0 0 0 1 -1 0 0 0 0 1 0 0 0 0 0 0 0 0 0
2187 0 0 0 1 -1 0 0 0 0 -1 0 0 0 0 0 0 0 0 0
2186 0 0 0 1 -1 0 0 0 0 -2 0 0 0 0 0 0 0 0 0
2186 0 0 0 1 -1 0 0 0 0 0 0 0 0 0 0 0 0 0 0
2186 0 0 0 1 -1 0 0 0 0 0 0 0 0 0 0 0 0 0 0
2186 0 0 0 1 -1 0 0 0 0 2 0 0 0 0 0 0 0 0 0
2186 0 0 0 1 -1 0 0 0 0 -1 0 0 0 0 0 0 0 0 0
2186 0 0 0 1 -1 0 0 0 0 1 0 0 0 0 0 0 0 0 0
2186 0 0 0 1 -1 0 0 0 0 -1 0 0 0 0 0 0 0 0 0
2186 0 0 0 1 -1 0 0 0 0 0 0 0 0 0 0 0 0 0 0
2186 0 0 0 1 -1 0 0 0 0 -1 0 0 0 0 0 0 0 0 0
2186 0 0 0 1 -1 0 0 0 0 -1 0 0 0 0 0 0 0 0 0
2186 0 0 0 1 -1 0 0 0 0 1 0 0 0 0 0 0 0 0 0
2186 0 0 0 1 -1 0 0 0 0 1 0 0 0 0 0 0 0 0 0
2186 0 0 0 1 -1 0 0 0 0 1 0 0 0 0 0 0 0 0 0
2186 0 0 0 1 -1 0 0 0 0 -1 0 0 0 0 0 0 0 0 0
2187 0 0 0 1 -1 0 0 0 0 0 0 0 0 0 0 0 0 0 0
2187 0 0 0 1 -1 0 0 0 0 0 0 0 0 0 0 0 0 0 0
2187 0 0 0 1 -1 0 0 0 0 1 0 0 0 0 0 0 0 0 0
2186 0 0 0 1 -1 0 0 0 0 -1 0 0 0 0 0 0 0 0 0
2185 0 0 0 1 -1 0 0 0 0 0 0 0 0 0 0 0 0 0 0
2187 0 0 0 1 -1 0 0 0 0 0 0 0 0 0 0 0 0 0 0
2186 0 0 0 1 -1 0 0 0 0 -1 0 0 0 0 0 0 0 0 0
2187 0 0 0 1 -1 0 0 0 0 0 0 0 0 0 0 0 0 0 0
2186 0 0 0 1 -1 0 0 0 0 -1 0 0 0 0 0 0 0 0 0
2187 0 0 0 1 -1 0 0 0 0 1 0 0 0 0 0 0 0 0 0
2186 0 0 0 1 -1 0 0 0 0 0 0 0 0 0 0 0 0 0 0
2186 0 0 0 1 -1 0 0 0 0 0 0 0 0 0 0 0 0 0 0
2186 0 0 0 1 -1 0 0 0 0 1 0 0 0 0 0 0 0 0 0
2185 0 0 0 1 -1 0 0 0 0 0 0 0 0 0 0 0 0 0 0
2187 0 0 0 1 -1 0 0 0 0 1 0 0 0 0 0 0 0 0 0
2187 0 0 0 1 -1 0 0 0 0 0 0 0 0 0 0 0 0 0 0
2186 0 0 0 1 -1 0 0 0 0 0 0 0 0 0 0 0 0 0 0
2186 0 0 0 1 -1 0 0 0 0 1 0 0 0 0 0 0 0 0 0
2187 0 0 0 1 -1 0 0 0 0 -1 0 0 0 0 0 0 0 0 0
2186 0 0 0 1 -1 0 0 0 0 0 0 0 0 0 0 0 0 0 0
2187 0 0 0 1 -1 0 0 0 0 -2 0 0 0 0 0 0 0 0 0
2186 0 0 0 1 -1 0 0 0 0 0 0 0 0 0 0 0 0 0 0
2186 0 0 0 1 -1 0 0 0 0 0 0 0 0 0 0 0 0 0 0
2187 0 0 0 1 -1 0 0 0 0 0 0 0 0 0 0 0 0 0 0
2185 0 0 0 1 -1 0 0 0 0 0 0 0 0 0 0 0 0 0 0
2186 0 0 0 1 -1 0 0 0 0 0 0 0 0 0 0 0 0 0 0
2186 0 0 0 1 -1 0 0 0 0 1 0 0 0 0 0 0 0 0 0
2186 0 0 0 1 -1 0 0 0 0 0 0 0 0 0 0 0 0 0 0
2186 0 0 0 1 -1 0 0 0 0 1 0 0 0 0 0 0 0 0 0
2186 0 0 0 1 -1 0 0 0 0 -1 0 0 0 0 0 0 0 0 0
2187 0 0 0 1 -1 0 0 0 0 0 0 0 0 0 0 0 0 0 0
2186 0 0 0 1 -1 0 0 0 0 0 0 0 0 0 0 0 0 0 0
2187 0 0 0 1 -1 0 0 0 0 -1 0 0 0 0 0 0 0 0 0
2187 0 0 0 1 -1 0 0 0 0 1 0 0 0 0 0 0 0 0 0
2186 0 0 0 1 -1 0 0 0 0 -1 0 0 0 0 0 0 0 0 0
2188 0 0 0 1 -1 0 0 0 0 1 0 0 0 0 0 0 0 0 0
2186 0 0 0 1 -1 0 0 0 0 -1 0 0 0 0 0 0 0 0 0
2186 0 0 0 1 -1 0 0 0 0 1 0 0 0 0 0 0 0 0 0
2186 0 0 0 1 -1 0 0 0 0 0 0 0 0 0 0 0 0 0 0
2186 0 0 0 1 -1 0 0 0 0 0 0 0 0 0 0 0 0 0 0
2186 0 0 0 1 -1 0 0 0 0 -1 0 0 0 0 0 0 0 0 0
2186 0 0 0 1 -1 0 0 0 0 0 0 0 0 0 0 0 0 0 0
2186 0 0 0 1 -1 0 0 0 0 0 0 0 0 0 0 0 0 0 0
2186 0 0 0 1 -1 0 0 0 0 0 0 0 0 0 0 0 0 0 0
2187 0 0 0 1 -1 0 0 0 0 0 0 0 0 0 0 0 0 0 0
2186 0 0 0 1 -1 0 0 0 0 0 0 0 0 0 0 0 0 0 0
2187 0 0 0 1 -1 0 0 0 0 1 0 0 0 0 0 0 0 0 0
2186 0 0 0 1 -1 0 0 0 0 0 0 0 0 0 0 0 0 0 0
2186 0 0 0 1 -1 0 0 0 0 0 0 0 0 0 0 0 0 0 0
2187 0 0 0 1 -1 0 0 0 0 -2 0 0 0 0 0 0 0 0 0
2185 0 0 0 1 -1 0 0 0 0 0 0 0 0 0 0 0 0 0 0
2187 0 0 0 1 -1 0 0 0 0 1 0 0 0 0 0 0 0 0 0
2186 0 0 0 1 -1 0 0 0 0 0 0 0 0 0 0 0 0 0 0
2186 0 0 0 1 -1 0 0 0 0 -1 0 0 0 0 0 0 0 0 0
2186 0 0 0 1 -1 0 0 0 0 -1 0 0 0 0 0 0 0 0 0
2187 0 0 0 1 -1 0 0 0 0 2 0 0 0 0 0 0 0 0 0
2186 0 0 0 1 -1 0 0 0 0 0 0 0 0 0 0 0 0 0 0
2186 0 0 0 1 -1 0 0 0 0 0 0 0 0 0 0 0 0 0 0
2186 0 0 0 1 -1 0 0 0 0 -1 0 0 0 0 0 0 0 0 0
2186 0 0 0 1 -1 0 0 0 0 1 0 0 0 0 0 0 0 0 0
2186 0 0 0 1 -1 0 0 0 0 0 0 0 0 0 0 0 0 0 0
2186 0 0 0 1 -1 0 0 0 0 -1 0 0 0 0 0 0 0 0 0
2186 0 0 0 1 -1 0 0 0 0 1 0 0 0 0 0 0 0 0 0
2186 0 0 0 1 -1 0 0 0 0 1 0 0 0 0 0 0 0 0 0
2187 0 0 0 1 -1 0 0 0 0 1 0 0 0 0 0 0 0 0 0
2186 0 0 0 1 -1 0 0 0 0 -1 0 0 0 0 0 0 0 0 0
2186 0 0 0 1 -1 0 0 0 0 -2 0 0 0 0 0 0 0 0 0
2185 0 0 0 1 -1 0 0 0 0 0 0 0 0 0 0 0 0 0 0
2186 0 0 0 1 -1 0 0 0 0 0 0 0 0 0 0 0 0 0 0
2187 0 0 0 1 -1 0 0 0 0 0 0 0 0 0 0 0 0 0 0
2185 0 0 0 1 -1 0 0 0 0 0 0 0 0 0 0 0 0 0 0
2185 0 0 0 1 -1 0 0 0 0 0 0 0 0 0 0 0 0 0 0
2186 0 0 0 1 -1 0 0 0 0 2 0 0 0 0 0 0 0 0 0
2187 0 0 0 1 -1 0 0 0 0 0 0 0 0 0 0 0 0 0 0
2185 0 0 0 1 -1 0 0 0 0 0 0 0 0 0 0 0 0 0 0
2186 0 0 0 1 -1 0 0 0 0 -2 0 0 0 0 0 0 0 0 0
2186 0 0 0 1 -1 0 0 0 0 0 0 0 0 0 0 0 0 0 0
2186 0 0 0 1 -1 0 0 0 0 -1 0 0 0 0 0 0 0 0 0
2186 0 0 0 1 -1 0 0 0 0 1 0 0 0 0 0 0 0 0 0
2185 0 0 0 1 -1 0 0 0 0 0 0 0 0 0 0 0 0 0 0
2187 0 0 0 1 -1 0 0 0 0 1 0 0 0 0 0 0 0 0 0
2187 0 0 0 1 -1 0 0 0 0 0 0 0 0 0 0 0 0 0 0
2186 0 0 0 1 -1 0 0 0 0 1 0 0 0 0 0 0 0 0 0
2186 0 0 0 1 -1 0 0 0 0 0 0 0 0 0 0 0 0 0 0
2185 0 0 0 1 -1 0 0 0 0 0 0 0 0 0 0 0 0 0 0
2186 0 0 0 1 -1 0 0 0 0 0 0 0 0 0 0 0 0 0 0
2186 0 0 0 1 -1 0 0 0 0 0 0 0 0 0 0 0 0 0 0
2185 0 0 0 1 -1 0 0 0 0 1 0 0 0 0 0 0 0 0 0
2186 0 0 0 1 -1 0 0 0 0 0 0 0 0 0 0 0 0 0 0
2186 0 0 0 1 -1 0 0 0 0 -1 0 0 0 0 0 0 0 0 0
2187 0 0 0 1 -1 0 0 0 0 -1 0 0 0 0 0 0 0 0 0
2186 0 0 0 1 -1 0 0 0 0 0 0 0 0 0 0 0 0 0 0
2186 0 0 0 1 -1 0 0 0 0 1 0 0 0 0 0 0 0 0 0
2185 0 0 0 1 -1 0 0 0 0 0 0 0 0 0 0 0 0 0 0
2186 0 0 0 1 -1 0 0 0 0 -1 0 0 0 0 0 0 0 0 0
2185 0 0 0 1 -1 0 0 0 0 1 0 0 0 0 0 0 0 0 0
2186 0 0 0 1 -1 0 0 0 0 0 0 0 0 0 0 0 0 0 0
2186 0 0 0 1 -1 0 0 0 0 0 0 0 0 0 0 0 0 0 0
2186 0 0 0 1 -1 0 0 0 0 -1 0 0 0 0 0 0 0 0 0
2186 0 0 0 1 -1 0 0 0 0 0 0 0 0 0 0 0 0 0 0
2187 0 0 0 1 -1 0 0 0 0 0 0 0 0 0 0 0 0 0 0
2186 0 0 0 1 -1 0 0 0 0 1 0 0 0 0 0 0 0 0 0
2186 0 0 0 1 -1 0 0 0 0 1 0 0 0 0 0 0 0 0 0
2187 0 0 0 1 -1 0 0 0 0 0 0 0 0 0 0 0 0 0 0
2186 0 0 0 1 -1 0 0 0 0 -1 0 0 0 0 0 0 0 0 0
2187 0 0 0 1 -1 0 0 0 0 0 0 0 0 0 0 0 0 0 0
2187 0 0 0 1 -1 0 0 0 0 0 0 0 0 0 0 0 0 0 0
2185 0 0 0 1 -1 0 0 0 0 0 0 0 0 0 0 0 0 0 0
2186 0 0 0 1 -1 0 0 0 0 -1 0 0 0 0 0 0 0 0 0
2187 0 0 0 1 -1 0 0 0 0 0 0 0 0 0 0 0 0 0 0
2186 0 0 0 1 -1 0 0 0 0 0 0 0 0 0 0 0 0 0 0
2186 0 0 0 1 -1 0 0 0 0 0 0 0 0 0 0 0 0 0 0
2186 0 0 0 1 -1 0 0 0 0 0 0 0 0 0 0 0 0 0 0
2187 0 0 0 1 -1 0 0 0 0 1 0 0 0 0 0 0 0 0 0
2186 0 0 0 1 -1 0 0 0 0 0 0 0 0 0 0 0 0 0 0
2186 0 0 0 1 -1 0 0 0 0 0 0 0 0 0 0 0 0 0 0
2186 0 0 0 1 -1 0 0 0 0 -1 0 0 0 0 0 0 0 0 0
2186 0 0 0 1 -1 0 0 0 0 1 0 0 0 0 0 0 0 0 0
2186 0 0 0 1 -1 0 0 0 0 1 0 0 0 0 0 0 0 0 0
2187 0 0 0 1 -1 0 0 0 0 0 0 0 0 0 0 0 0 0 0
2187 0 0 0 1 -1 0 0 0 0 -1 0 0 0 0 0 0 0 0 0
2186 0 0 0 1 -1 0 0 0 0 -1 0 0 0 0 0 0 0 0 0
2186 0 0 0 1 -1 0 0 0 0 1 0 0 0 0 0 0 0 0 0
2187 0 0 0 1 -1 0 0 0 0 -1 0 0 0 0 0 0 0 0 0
2186 0 0 0 1 -1 0 0 0 0 0 0 0 0 0 0 0 0 0 0
2186 0 0 0 1 -1 0 0 0 0 -1 0 0 0 0 0 0 0 0 0
2186 0 0 0 1 -1 0 0 0 0 1 0 0 0 0 0 0 0 0 0
2186 0 0 0 1 -1 0 0 0 0 0 0 0 0 0 0 0 0 0 0
2186 0 0 0 1 -1 0 0 0 0 0 0 0 0 0 0 0 0 0 0
2186 0 0 0 1 -1 0 0 0 0 0 0 0 0 0 0 0 0 0 0
2186 0 0 0 1 -1 0 0 0 0 0 0 0 0 0 0 0 0 0 0
2187 0 0 0 1 -1 0 0 0 0 -1 0 0 0 0 0 0 0 0 0
2186 0 0 0 1 -1 0 0 0 0 0 0 0 0 0 0 0 0 0 0
2186 0 0 0 1 -1 0 0 0 0 0 0 0 0 0 0 0 0 0 0
2186 0 0 0 1 -1 0 0 0 0 2 0 0 0 0 0 0 0 0 0
2187 0 0 0 1 -1 0 0 0 0 0 0 0 0 0 0 0 0 0 0
2187 0 0 0 1 -1 0 0 0 0 0 0 0 0 0 0 0 0 0 0
2186 0 0 0 1 -1 0 0 0 0 0 0 0 0 0 0 0 0 0 0
2186 0 0 0 1 -1 0 0 0 0 1 0 0 0 0 0 0 0 0 0
2186 0 0 0 1 -1 0 0 0 0 1 0 0 0 0 0 0 0 0 0
2187 0 0 0 1 -1 0 0 0 0 -1 0 0 0 0 0 0 0 0 0
2185 0 0 0 1 -1 0 0 0 0 -1 0 0 0 0 0 0 0 0 0
2186 0 0 0 1 -1 0 0 0 0 0 0 0 0 0 0 0 0 0 0
2186 0 0 0 1 -1 0 0 0 0 0 0 0 0 0 0 0 0 0 0
2186 0 0 0 1 -1 0 0 0 0 0 0 0 0 0 0 0 0 0 0
2186 0 0 0 1 -1 0 0 0 0 0 0 0 0 0 0 0 0 0 0
2186 0 0 0 1 -1 0 0 0 0 0 0 0 0 0 0 0 0 0 0
2186 0 0 0 1 -1 0 0 0 0 1 0 0 0 0 0 0 0 0 0
2186 0 0 0 1 -1 0 0 0 0 -1 0 0 0 0 0 0 0 0 0
2185 0 0 0 1 -1 0 0 0 0 0 0 0 0 0 0 0 0 0 0
2186 0 0 0 1 -1 0 0 0 0 -1 0 0 0 0 0 0 0 0 0
2186 0 0 0 1 -1 0 0 0 0 1 0 0 0 0 0 0 0 0 0
2187 0 0 0 1 -1 0 0 0 0 0 0 0 0 0 0 0 0 0 0
2186 0 0 0 1 -1 0 0 0 0 0 0 0 0 0 0 0 0 0 0
2186 0 0 0 1 -1 0 0 0 0 -2 0 0 0 0 0 0 0 0 0
2187 0 0 0 1 -1 0 0 0 0 0 0 0 0 0 0 0 0 0 0
2187 0 0 0 1 -1 0 0 0 0 0 0 0 0 0 0 0 0 0 0
2187 0 0 0 1 -1 0 0 0 0 1 0 0 0 0 0 0 0 0 0
2186 0 0 0 1 -1 0 0 0 0 -1 0 0 0 0 0 0 0 0 0
2186 0 0 0 1 -1 0 0 0 0 0 0 0 0 0 0 0 0 0 0
2187 0 0 0 1 -1 0 0 0 0 0 0 0 0 0 0 0 0 0 0
2186 0 0 0 1 -1 0 0 0 0 1 0 0 0 0 0 0 0 0 0
2186 0 0 0 1 -1 0 0 0 0 0 0 0 0 0 0 0 0 0 0
2187 0 0 0 1 -1 0 0 0 0 0 0 0 0 0 0 0 0 0 0
2186 0 0 0 1 -1 0 0 0 0 0 0 0 0 0 0 0 0 0 0
2187 0 0 0 1 -1 0 0 0 0 1 0 0 0 0 0 0 0 0 0
2186 0 0 0 1 -1 0 0 0 0 0 0 0 0 0 0 0 0 0 0
2186 0 0 0 1 -1 0 0 0 0 0 0 0 0 0 0 0 0 0 0
2186 0 0 0 1 -1 0 0 0 0 -2 0 0 0 0 0 0 0 0 0
2187 0 0 0 1 -1 0 0 0 0 0 0 0 0 0 0 0 0 0 0
2186 0 0 0 1 -1 0 0 0 0 0 0 0 0 0 0 0 0 0 0
2186 0 0 0 1 -1 0 0 0 0 1 0 0 0 0 0 0 0 0 0
2185 0 0 0 1 -1 0 0 0 0 0 0 0 0 0 0 0 0 0 0
2186 0 0 0 1 -1 0 0 0 0 0 0 0 0 0 0 0 0 0 0
2186 0 0 0 1 -1 0 0 0 0 1 0 0 0 0 0 0 0 0 0
2186 0 0 0 1 -1 0 0 0 0 -1 0 0 0 0 0 0 0 0 0
2185 0 0 0 1 -1 0 0 0 0 -1 0 0 0 0 0 0 0 0 0
2186 0 0 0 1 -1 0 0 0 0 -1 0 0 0 0 0 0 0 0 0
2186 0 0 0 1 -1 0 0 0 0 1 0 0 0 0 0 0 0 0 0
2186 0 0 0 1 -1 0 0 0 0 2 0 0 0 0 0 0 0 0 0
2186 0 0 0 1 -1 0 0 0 0 0 0 0 0 0 0 0 0 0 0
2186 0 0 0 1 -1 0 0 0 0 1 0 0 0 0 0 0 0 0 0
2186 0 0 0 1 -1 0 0 0 0 -1 0 0 0 0 0 0 0 0 0
2187 0 0 0 1 -1 0 0 0 0 0 0 0 0 0 0 0 0 0 0
2186 0 0 0 1 -1 0 0 0 0 0 0 0 0 0 0 0 0 0 0
2186 0 0 0 1 -1 0 0 0 0 -1 0 0 0 0 0 0 0 0 0
2185 0 0 0 1 -1 0 0 0 0 -1 0 0 0 0 0 0 0 0 0
2186 0 0 0 1 -1 0 0 0 0 0 0 0 0 0 0 0 0 0 0
2186 0 0 0 1 -1 0 0 0 0 2 0 0 0 0 0 0 0 0 0
2186 0 0 0 1 -1 0 0 0 0 1 0 0 0 0 0 0 0 0 0
2186 0 0 0 1 -1 0 0 0 0 -1 0 0 0 0 0 0 0 0 0
